a [33, 51, 60, 65, 66, 69, 75, 80, 87, 90, 96, 97, 99, 100, 131, 137, 152, 155, 174, 181, 215, 226, 253, 262, 264, 269, 274, 294, 296, 297, 298, 299, 306, 314, 335, 355, 365, 371, 378, 379, 387, 389, 391, 396, 397, 399, 400, 401, 412, 416, 417, 427, 433, 438, 441, 451, 461, 464, 467, 479, 480, 482, 483, 485, 489, 509, 515, 516, 517, 518, 519, 520, 521, 530, 543, 557, 560, 589, 596, 603, 613, 615, 631, 634, 636, 640, 643, 654, 663, 666, 667, 680, 690, 700, 706, 716, 722, 723, 728, 743, 745, 747, 753, 754, 764, 771, 789, 791, 819, 825, 838, 844, 845, 862, 864, 865, 875, 885, 895, 901, 905, 913, 915, 939, 963, 966, 974, 975, 990, 1004, 1005, 1007, 1009, 1012, 1016, 1019, 1027, 1033, 1036, 1041, 1049, 1059, 1060, 1071, 1077, 1079, 1084, 1087, 1091, 1096, 1104, 1112, 1149, 1172, 1181, 1182, 1188, 1201, 1208, 1221, 1237, 1241, 1248, 1256, 1257, 1262, 1278, 1296, 1298, 1299, 1300, 1306, 1310, 1317, 1322, 1323, 1324, 1325, 1326, 1355, 1361, 1374, 1387, 1393, 1418, 1424, 1426, 1430, 1432, 1435, 1441, 1446, 1459, 1471, 1486, 1489, 1504, 1516, 1520, 1521, 1525, 1529, 1533, 1546, 1549, 1550, 1554, 1555, 1562, 1577, 1578, 1579, 1585, 1596, 1598, 1600, 1602, 1603, 1604, 1605, 1606, 1630, 1647, 1657, 1692, 1709, 1716, 1718, 1723]
abide [1421]
able [340, 438]
about [117, 375, 524, 573, 575, 856, 940, 1007, 1017, 1091, 1346, 1357, 1543, 1635, 1649, 1654, 1679, 1713, 1730, 1733]
above [619, 673]
abundant [99]
accept [979, 1253, 1420]
accepted [1704, 1709]
accepting [1701]
access [1424, 1437, 1450, 1470, 1489, 1510, 1515, 1525, 1530, 1551]
accessed [1473]
accessible [1685]
accident [1289]
accidentally [1287]
accordance [1554, 1626]
accurately [570]
accustomed [304, 313]
across [855, 1041, 1225]
act [770]
action [585, 596, 604]
active [1469, 1510]
actual [1592]
actually [1146, 1148]
adam [103]
addition [1460]
additional [1498, 1519, 1673]
additions [1632]
address [1542, 1666]
addressed [911]
addresses [1709]
adept [1016]
adjusted [429]
admiring [92]
admitted [886]
adrenalin [583]
adrenals [583]
afraid [371]
after [948]
again [126, 224, 252, 255, 271, 362, 428, 445, 528, 533, 694, 808, 835, 860, 936, 1121, 1327]
against [235, 388, 659, 987, 1000, 1009, 1030, 1035, 1087, 1105, 1172, 1173, 1233, 1701]
aged [1639]
agent [1624]
agony [287]
agree [1411, 1419, 1421, 1425, 1432, 1548, 1588, 1590, 1623]
agreed [1537]
agreement [1421, 1422, 1426, 1432, 1434, 1437, 1451, 1453, 1461, 1559, 1564, 1586, 1591, 1616, 1617, 1618, 1620, 1626]
ah [76, 796, 827, 855, 1093]
ahead [1195, 1221, 1374]
aimed [787, 1289]
air [400]
alaska [1665]
alert [202, 465]
all [45, 49, 66, 72, 157, 382, 394, 415, 477, 605, 609, 629, 692, 731, 1152, 1268, 1367, 1368, 1380, 1411, 1420, 1421, 1423, 1442, 1448, 1467, 1499, 1549, 1551, 1559, 1586, 1628, 1641, 1691, 1722]
allow [724, 1614]
almost [4, 232, 390, 400, 1262, 1477]
alone [1706]
along [283, 1007]
already [456, 457, 976, 1251, 1535]
also [58, 1079, 1457, 1606]
alteration [1631]
alternate [1522]
although [651]
always [314, 745]
am [121, 131, 355, 368, 581, 585, 587, 1123, 1133]
amazon [993]
among [217, 1267]
amount [80]
an [125, 175, 295, 296, 381, 417, 457, 467, 556, 675, 723, 836, 1016, 1028, 1085, 1213, 1219, 1431, 1444, 1484, 1495]
analysis [1196]
and [3, 4, 21, 44, 52, 54, 56, 58, 99, 100, 107, 132, 145, 173, 200, 208, 221, 232, 239, 242, 245, 250, 286, 287, 297, 299, 304, 339, 340, 346, 349, 351, 358, 374, 386, 402, 412, 429, 439, 452, 453, 462, 465, 471, 474, 487, 488, 509, 516, 528, 551, 557, 566, 590, 592, 603, 710, 743, 751, 754, 755, 762, 770, 779, 787, 814, 827, 837, 862, 888, 890, 898, 901, 903, 905, 907, 915, 922, 933, 934, 935, 961, 963, 986, 988, 1000, 1005, 1016, 1019, 1028, 1040, 1050, 1079, 1084, 1086, 1088, 1095, 1097, 1160, 1161, 1173, 1175, 1180, 1185, 1201, 1202, 1203, 1206, 1214, 1219, 1224, 1238, 1246, 1253, 1257, 1283, 1285, 1287, 1289, 1293, 1309, 1327, 1332, 1336, 1343, 1362, 1380, 1388, 1389, 1391, 1393, 1394, 1398, 1415, 1420, 1422, 1425, 1437, 1445, 1476, 1477, 1487, 1492, 1496, 1497, 1513, 1541, 1550, 1551, 1556, 1565, 1571, 1572, 1575, 1585, 1587, 1591, 1623, 1626, 1627, 1628, 1632, 1639, 1640, 1643, 1645, 1648, 1650, 1651, 1659, 1663, 1667, 1669, 1670, 1676, 1682, 1683, 1684, 1691, 1692, 1693, 1699, 1709, 1710, 1717, 1732]
anger [242, 537, 650, 720, 728, 738]
angle [1074]
angry [1182]
another [380, 520, 562, 564, 581, 837, 987, 1173, 1349]
answer [425, 515, 1085, 1219]
answered [117, 131, 188, 279, 663, 1201, 1237]
answers [903]
anti [1163]
anticipation [221]
any [39, 163, 283, 313, 628, 745, 1311, 1397, 1410, 1418, 1431, 1462, 1464, 1471, 1488, 1497, 1504, 1505, 1508, 1513, 1515, 1522, 1526, 1546, 1555, 1585, 1591, 1598, 1611, 1612, 1616, 1620, 1624, 1626, 1629, 1631, 1632, 1696, 1705, 1724]
anyone [3, 439, 789, 1476, 1487, 1624, 1717]
anything [658, 886, 1395, 1399]
anywhere [3, 1476]
apart [885]
apparent [450]
apparently [429]
appear [220, 269, 414, 1470]
appeared [401, 418]
appearing [1490]
appears [1472]
apples [281, 283]
applicable [1535, 1617, 1619]
applied [1172]
apply [1391]
apprehension [58]
apprehensive [287]
approach [1702]
archive [1440, 1538, 1542, 1544, 1565, 1584, 1647, 1650, 1655, 1657, 1662, 1680, 1732]
are [7, 8, 69, 111, 123, 145, 353, 355, 362, 567, 569, 570, 583, 601, 621, 764, 806, 819, 822, 845, 855, 928, 929, 970, 1015, 1026, 1195, 1202, 1205, 1209, 1229, 1268, 1283, 1291, 1432, 1435, 1443, 1445, 1448, 1457, 1458, 1459, 1480, 1482, 1488, 1539, 1564, 1644, 1662, 1667, 1687, 1692, 1704, 1709, 1721, 1722]
aren [96, 126]
argument [746]
arise [1629]
arm [232, 249, 252, 270, 272, 289, 320, 362, 368, 388, 410, 421, 434, 491, 496, 501, 982, 1250]
arms [657, 932, 933, 1336]
aroma [217]
arose [1182]
around [174, 358, 439, 456, 658, 666, 700, 933, 1047]
array [1686]
as [60, 84, 102, 125, 128, 157, 160, 174, 191, 220, 231, 237, 303, 314, 315, 344, 372, 374, 395, 419, 434, 452, 460, 469, 473, 542, 589, 636, 654, 671, 685, 717, 734, 770, 779, 819, 985, 1007, 1053, 1087, 1096, 1195, 1298, 1367, 1397, 1427, 1447, 1493, 1523, 1541, 1567, 1576, 1610, 1722]
ascii [1517, 1522]
aside [151]
ask [665, 823]
asked [515, 859, 862, 868, 873, 1080]
asking [188, 375, 856]
asleep [460, 509]
assistance [1644]
associated [1380, 1410, 1431, 1452, 1473, 1490, 1505, 1626]
at [4, 6, 22, 45, 49, 51, 53, 57, 74, 90, 98, 105, 196, 239, 250, 295, 296, 297, 303, 371, 402, 434, 480, 497, 498, 516, 556, 652, 672, 692, 787, 803, 806, 833, 838, 947, 949, 961, 974, 1001, 1013, 1027, 1031, 1041, 1044, 1062, 1136, 1156, 1287, 1289, 1291, 1412, 1477, 1480, 1500, 1519, 1542, 1651, 1668, 1670, 1671, 1727]
athlete [1028]
attached [1454]
attacking [667]
attempting [760]
attention [359, 1048]
audible [673]
audience [428, 1204, 1206, 1214]
author [13]
available [1412, 1646]
awaiting [725]
awake [465]
aware [58, 1130]
awareness [1205]
away [5, 107, 189, 239, 659, 833, 834, 893, 963, 1010, 1021, 1045, 1130, 1269, 1271, 1399, 1478]
b [1430, 1631, 1675]
babble [1182]
babbling [1191]
back [155, 179, 359, 372, 482, 654, 665, 666, 700, 734, 949, 964, 991, 1000, 1278]
backing [1030]
backward [983, 987, 1181]
balance [374]
band [215]
bar [85, 90, 106, 180, 189, 1041, 1171]
barred [1077]
bartender [177]
based [1447, 1462]
battle [993]
bay [1001, 1027]
be [72, 73, 123, 152, 155, 171, 208, 340, 359, 394, 594, 603, 609, 663, 675, 712, 740, 749, 831, 850, 934, 978, 1112, 1228, 1232, 1244, 1264, 1331, 1379, 1380, 1384, 1394, 1398, 1425, 1430, 1432, 1487, 1499, 1538, 1541, 1575, 1580, 1591, 1618, 1670, 1684, 1716]
beam [418, 1180]
beat [51, 183, 399, 519, 1144]
beating [181, 379]
beautiful [96, 111, 479]
became [303, 412, 680, 891]
because [188, 770, 1309, 1316, 1326, 1640]
become [441]
been [45, 55, 102, 215, 238, 295, 312, 375, 415, 438, 482, 655, 746, 932, 1306, 1333]
before [8, 62, 91, 264, 266, 312, 443, 522, 604, 1358, 1406, 1461, 1482]
began [214, 216, 220, 221, 226, 240, 304, 623, 1086]
beginning [1501]
behind [90, 174, 1003, 1026, 1254]
being [76, 150, 632, 956]
believe [1284]
bell [939]
belong [875]
belonged [489]
below [101, 1435, 1438, 1567]
beside [97, 530]
besides [339]
better [274, 1228, 1232]
beyond [227, 1077, 1257, 1258, 1330]
big [226]
binary [1513]
biting [557]
bitter [1051]
bitterness [884]
blade [1020]
bland [416, 551]
blast [215]
blasts [353]
blend [596]
blended [217]
blindly [672]
block [234, 271, 985]
blood [718, 1285]
blue [99, 147]
bodies [221]
bodily [106]
body [346, 551, 590, 641, 983, 984]
bone [640]
boomed [690, 694, 703]
booth [60]
both [55, 916, 1497, 1565]
bottom [295, 296, 402, 707, 715]
bound [1425, 1432]
bowed [211, 427, 428]
bowing [67, 90, 200]
box [1666]
brain [835]
breach [1589]
bread [862, 867]
break [243, 252, 260, 340, 350, 710, 1293, 1357]
breaking [640, 1004]
breath [449, 748, 1136, 1215]
breathing [411]
bright [400, 418, 917]
brilliant [401, 890]
bring [696, 703, 741, 761, 920, 1204, 1323]
broke [510, 650, 1293]
broken [631]
brother [1356]
brought [484]
brown [99]
bubbles [92, 93, 115, 128]
bud [385]
buddha [416, 571]
bulge [387]
bulk [1336]
bump [385]
bumped [382]
business [829, 831, 1668]
but [53, 54, 58, 61, 80, 89, 172, 179, 183, 207, 210, 217, 247, 253, 281, 296, 303, 305, 312, 337, 365, 372, 374, 391, 396, 410, 450, 464, 503, 515, 521, 577, 601, 612, 674, 737, 771, 801, 811, 816, 843, 870, 922, 998, 1006, 1027, 1058, 1066, 1095, 1097, 1151, 1193, 1196, 1202, 1211, 1230, 1235, 1268, 1291, 1296, 1298, 1320, 1323, 1330, 1352, 1356, 1536, 1576, 1611, 1666, 1704]
by [1, 21, 31, 275, 316, 349, 419, 461, 462, 631, 674, 771, 932, 983, 1025, 1171, 1300, 1386, 1400, 1409, 1418, 1421, 1426, 1431, 1432, 1444, 1450, 1453, 1485, 1498, 1546, 1547, 1573, 1580, 1598, 1619, 1638, 1659, 1662, 1685, 1722]
c [1435, 1440, 1632, 1658]
calculate [1535]
calculated [1534]
call [722, 798, 1022, 1027, 1203, 1213]
calmly [1013]
came [45, 49, 51, 53, 104, 126, 227, 314, 359, 365, 496, 537, 560, 644, 657, 658, 671, 698, 700, 705, 717, 853, 856, 884, 901, 932, 934, 1096, 1172, 1250]
camera [722, 741, 743, 745, 753]
can [566, 567, 605, 811, 839, 1026, 1027, 1149, 1239, 1323, 1364, 1365, 1388, 1433, 1435, 1452, 1458, 1487, 1597, 1650, 1670, 1684]
cannot [1580, 1682, 1699, 1704]
card [1710]
care [439]
carefully [941, 942]
carried [706, 743]
carry [107, 1683]
carrying [715]
casting [401]
catch [995, 1139, 1221, 1233]
catching [311]
cats [809]
caught [387, 411, 935, 936, 966, 982, 984, 1055, 1084, 1089, 1148, 1158]
cause [1630, 1633]
cease [1422]
ceiling [401, 447, 567]
center [315]
centered [786]
certain [349, 438, 629, 947, 970, 1166, 1614, 1615]
certainly [89, 139, 206, 453, 816]
certainty [767]
chair [1012]
challenged [1091]
chance [834, 923, 1310]
change [1459]
changed [379, 433]
character [19]
charge [389, 789, 791, 984, 1394, 1395, 1455, 1525, 1529, 1562]
charges [674, 1488]
charitable [1691]
charities [1691]
charming [262]
cheat [772]
check [8, 1460, 1481, 1708]
checks [1710]
cherished [1205]
chest [409, 430]
chief [1676]
child [129, 131, 262, 264, 266, 441]
chill [314]
choice [372]
choked [128, 1256]
choose [1604]
chorus [596, 607, 612]
chunk [518]
circle [401, 414, 447, 951, 961, 990]
circled [100, 109]
circling [294, 297, 299]
circumstances [372, 791]
city [43, 106, 157, 1226, 1669]
clad [417]
claim [1446]
clawing [922]
clear [814]
clearly [1541]
clenched [231]
close [430, 1035, 1120, 1250]
closed [1185]
closer [436, 955, 1125, 1136]
clothing [717]
clouded [52]
clouds [174, 1005]
cloying [218]
clue [1218]
clutched [211, 905]
clutching [992]
coat [387, 388, 397, 652]
codes [1579]
coherence [450]
coins [211]
cold [197, 547, 762]
coldness [318]
collection [1441, 1443, 1574, 1645]
color [100, 365]
come [283, 368, 469, 526, 535, 784, 845, 895, 907, 1068, 1215, 1260, 1281, 1311, 1331, 1356, 1646]
comes [604, 737, 1163]
comfort [397]
comfortable [381]
coming [1215]
commence [81]
commercial [1401]
committed [1690]
compact [754]
compilation [1441]
complete [1367]
complex [754, 1201]
compliance [1451, 1692, 1695, 1696, 1724]
comply [1411, 1453, 1490, 1497, 1527, 1559]
complying [1396, 1434, 1690]
comprehension [1207, 1330]
compressed [1514]
computer [1579]
computers [1639]
conan [1, 13, 31]
concept [1393, 1716]
concerned [103]
concerning [1464, 1705]
conducting [84]
confirmation [1695]
confirmed [1722]
conjurer [1, 11, 24, 29, 1377]
connection [376]
consciousness [540]
consequential [1592]
considerable [1571, 1693]
considered [805, 1006]
considering [160]
constant [1459]
contact [489, 510, 1567, 1669, 1670, 1671, 1673]
contain [1486, 1576]
contained [1104]
containing [1504]
continued [769, 868]
contract [409, 1589]
contributions [1661, 1699]
control [1214]
convert [1513]
cool [305]
copied [1474, 1487]
copies [1395, 1423, 1516, 1529, 1550, 1551, 1625]
copy [5, 1388, 1424, 1471, 1478, 1507, 1520, 1521, 1555, 1602, 1606]
copying [1391, 1446, 1461, 1526]
copyright [40, 1386, 1387, 1389, 1400, 1421, 1441, 1444, 1457, 1458, 1464, 1485, 1487, 1496, 1498, 1500, 1572, 1573, 1577, 1722, 1723]
core [1203]
corner [180]
corners [808, 925, 931, 948, 966, 972, 1008, 1154]
corporation [1658]
corrupt [1577]
cost [4, 1219, 1477, 1519]
costs [1587, 1628]
coughed [1285]
could [243, 350, 542, 627, 628, 629, 749, 839, 955, 972, 978, 990, 1076, 1335, 1716]
countries [1458]
country [8, 1460, 1465, 1481]
course [202, 875, 1355, 1448]
cover [907]
covered [299, 581]
crash [1169]
crashed [1172]
crawl [378]
created [1647, 1721]
creating [1386, 1447, 1462, 1573]
creation [1397]
creatures [978]
credit [1710]
crept [433]
critical [1644]
crossed [125, 314]
crossing [43]
crowd [673]
current [1708]
cursed [748, 749]
curtain [403]
cushions [378, 381]
cut [97, 108]
cutting [1355]
d [1457]
damage [1579, 1594]
damaged [1578]
damages [1582, 1587, 1593, 1616]
damn [178, 634, 848, 945]
damned [516, 564, 567, 1118]
dampness [306, 307]
danced [197]
danger [207, 892, 894]
dared [1156]
dark [716, 1241]
darkened [517]
darkness [298, 400, 1187, 1224]
darling [204, 274, 283, 322, 355, 362, 493, 515, 663, 932, 1126]
data [1577]
date [15, 1539, 1670]
daughters [283]
day [395, 1324]
days [103, 591, 1539, 1547, 1556, 1597]
deadly [196]
dealt [837]
dear [129]
death [803, 805, 1052]
deaths [811]
decided [165, 200]
decision [206]
decorated [1004]
deductible [1662]
deep [480]
deeper [346, 347, 421]
defect [1555, 1597, 1633]
defective [1578, 1602, 1606]
defects [1576]
deftly [84, 379]
defy [566]
deletions [1632]
deliberately [1302]
demand [1606]
denied [744, 749, 872]
deny [760]
depends [1682]
derivative [1397, 1447, 1462]
derive [1533]
derived [1485]
described [1583]
deserve [1269]
designed [55, 754]
desperately [1151]
despite [1574]
destiny [484]
destroy [1423, 1549]
destroyed [978]
detach [1503]
detect [304, 628]
determine [839, 1696]
determined [1219]
develop [1239]
device [745, 751, 754, 761, 771]
devil [145, 928]
dials [1095]
did [39, 62, 119, 207, 314, 376, 395, 473, 474, 515, 575, 577, 646, 650, 761, 784, 815, 860, 872, 882, 895, 916, 924, 1030, 1045, 1058, 1097, 1298, 1327]
die [605, 607]
died [157]
different [1563]
dig [434]
digging [231, 238]
dimmed [400]
direct [1207, 1592]
directions [45, 49]
directly [1629]
director [1676]
disagree [454]
disappeared [33, 677]
disappointment [1051]
disclaim [1586]
disclaimer [1582, 1616, 1618]
disclaimers [1614]
discontinue [1550]
discover [1596]
discovered [894, 896, 1556]
disk [1578]
display [1507]
displayed [1473]
displaying [1447, 1461, 1509, 1525]
distance [1036, 1139, 1225]
distract [1048]
distribute [1388, 1406, 1507, 1513, 1516, 1562]
distributed [21, 1474, 1487, 1685, 1718]
distributing [1391, 1409, 1446, 1462, 1526, 1530, 1585]
distribution [1409, 1496, 1560, 1627, 1630, 1637]
distributor [1591]
dive [43]
dived [652, 1003, 1185]
do [73, 75, 139, 194, 255, 322, 332, 356, 571, 597, 663, 731, 949, 993, 998, 1026, 1093, 1123, 1191, 1199, 1211, 1267, 1364, 1395, 1399, 1421, 1425, 1433, 1435, 1445, 1458, 1503, 1507, 1525, 1572, 1614, 1630, 1694, 1699, 1723]
dodged [1181]
does [80, 1485, 1548]
dogs [798, 806]
doing [145, 149, 591, 827, 922, 928, 929]
domain [1443, 1684]
don [137, 281, 283, 493, 829, 875, 1062, 1074, 1112, 1192, 1271]
donate [1537, 1697, 1702, 1711]
donation [1708]
donations [1543, 1640, 1650, 1679, 1683, 1686, 1691, 1694, 1696, 1701, 1704, 1705, 1709, 1710, 1731]
done [923]
donors [1701]
door [50, 60, 226, 227, 285, 710, 1041, 1077, 1171, 1181, 1184, 1221, 1233]
doorway [1176]
doubt [125, 132, 207, 351]
down [382, 447, 515, 517, 706, 718, 743, 1171]
downloading [1461]
dr [1675]
dragged [923]
drains [1269, 1271]
drawing [955]
drawn [372, 808]
dream [485, 497, 511, 513, 632, 655, 747, 1060, 1205, 1257, 1316, 1317, 1322, 1323, 1341, 1346, 1348, 1361, 1364, 1365, 1374]
dreamed [482]
dreamer [218, 301, 311, 430, 447, 470, 545, 566, 627, 641, 722, 724, 737, 747, 803, 907, 1033, 1075, 1123, 1151, 1157, 1247, 1257, 1325]
dreamers [76, 453, 862, 885, 1160, 1166, 1191, 1202, 1204, 1206, 1208, 1230, 1267, 1268, 1283, 1291, 1311]
dreaming [35, 73, 74, 81, 199, 202, 203, 249, 285, 289, 307, 312, 440, 498, 543, 643, 650, 729, 744, 762, 770, 853, 856, 884, 892, 1056, 1085, 1182, 1199, 1206, 1207, 1208, 1230, 1231, 1352]
dreams [65, 69, 1121, 1327, 1349]
dreamy [433]
dress [97]
drew [436, 659]
drink [91, 178]
drinking [93]
dripped [43]
driven [390, 674]
driving [973]
dropped [239, 981, 1041]
drops [1072]
drove [1370]
drowned [214]
drums [520]
drunk [191, 194]
dug [421, 434, 496]
e [1428, 1438, 1467, 1469, 1484, 1491, 1493, 1495, 1497, 1503, 1507, 1509, 1513, 1523, 1525, 1527, 1529, 1547, 1562]
each [346, 1539]
eager [1217]
earlier [438]
ears [44, 303, 309, 615]
earth [33, 99, 100, 334, 344, 654, 1260, 1264, 1358]
eased [174]
easily [157, 1452]
easy [381, 712, 1028, 1396]
ecstasy [75]
ecstatic [530]
edge [1355]
edition [1725]
editions [1383, 1386, 1722]
educational [1658]
effective [396]
effort [1572, 1693]
efforts [1574, 1640, 1650]
ein [1660]
either [1491]
elbow [204, 230, 239, 250]
elderly [723]
elect [1602]
electro [345]
electronic [1392, 1409, 1416, 1419, 1423, 1425, 1431, 1433, 1436, 1438, 1442, 1450, 1484, 1495, 1508, 1530, 1556, 1563, 1575, 1586, 1597, 1625, 1628, 1638, 1713, 1716]
electronically [1603, 1605]
else [208, 462, 510, 566, 1193]
em [905]
emotional [54, 836]
employ [150]
employee [1624]
employees [1571, 1667]
empty [175, 415, 951, 961]
encoding [19]
end [1377]
endless [467, 675]
energy [1166, 1196, 1197, 1213, 1214, 1332]
english [17]
enough [942]
enraged [631]
ensuring [1645]
entered [61, 310]
entering [315]
entity [1427, 1601, 1604]
entranced [487]
entry [744]
equations [1239]
equipment [1089, 1580, 1686]
equivalent [66]
erect [720]
errors [1577]
escape [935]
escaped [317]
especially [1401]
eve [279, 283]
even [139, 334, 399, 431, 1125, 1434, 1593]
ever [62, 104, 243, 245, 313, 443, 604, 747, 886, 925, 1016]
every [169]
everyone [203]
everything [49, 922]
everywhere [885, 933]
evidence [39, 749, 1157]
examined [751]
except [349, 1582, 1589, 1609]
excite [55]
excited [601, 603]
excitement [1142]
exclusion [1615]
excuse [764]
executive [1676]
exempt [1659, 1687]
exist [473, 474, 839]
existed [305]
exists [1640]
expecting [271]
expend [1571]
expense [1519]
expenses [1587, 1628]
experience [457]
expert [345]
explanation [1599, 1601]
exporting [1520]
express [1611]
expressed [79]
expression [61, 843]
extended [211]
extensive [39, 1089]
extent [1207, 1662]
exultation [1241]
eyes [44, 61, 99, 104, 117, 147, 179, 186, 196, 279, 430, 497, 567, 569, 571, 575, 621, 753, 786, 787, 790, 808, 916, 925, 931, 948, 963, 966, 973, 995, 1008, 1019, 1031, 1044, 1097, 1130, 1152, 1154]
f [1554, 1569, 1571, 1582, 1583, 1590, 1596, 1609, 1610, 1614, 1623]
fabulous [35]
face [237, 269, 287, 530, 551, 718, 794, 843, 855, 894, 925, 975, 1071]
facial [61]
facility [1728]
fact [346]
factor [1349]
fairbanks [1665, 1666]
fairly [1229]
fall [640]
falling [46, 674]
famed [33]
familiar [521]
far [451, 482, 542, 1225, 1318, 1324, 1328, 1361, 1374]
farther [1178, 1184]
fear [54, 58, 814]
feat [1096]
federal [1660, 1663]
fee [1424, 1427, 1519, 1525, 1529, 1533, 1535, 1562]
feel [306, 307, 322, 396, 1206]
feeling [53, 57, 388, 976]
feelings [56, 310, 855]
fees [1488, 1588, 1629, 1693]
feet [221, 491, 619, 640, 671, 716, 718, 955]
fell [638, 641, 986]
felt [101, 197, 317, 378, 409, 1007, 1144]
few [438, 939, 1084, 1432]
field [345]
fierce [728]
fighting [922]
file [1379, 1412]
files [1380, 1504]
filled [520]
financial [1643]
find [901]
finest [178]
finger [238]
fingers [77, 181, 183, 188, 231, 235, 270, 272, 288, 320, 368, 409, 421, 433, 491, 496, 734, 986, 1008]
finish [266]
fired [671]
firing [672]
firm [131, 814]
first [242, 245, 303, 561, 738, 782, 1069]
fit [298]
fitness [1612]
fix [1607]
fixed [917]
flared [224]
flashed [701]
flashing [1105]
flat [429, 1115]
fleas [557]
flickered [125]
flight [482]
float [467, 567, 1211]
floated [619, 627, 629, 1375]
floating [487, 551, 1142, 1146, 1151, 1157, 1160, 1193, 1235, 1299]
flooded [1271]
floor [380, 386, 619, 987, 1053]
flow [216, 399, 657, 728, 931]
flowed [380, 547]
flowing [382]
flutter [411]
fly [1365]
flying [1317]
focus [576, 924]
follow [812, 1188, 1309, 1436]
followed [686, 1185]
following [286, 1218, 1469, 1539, 1630]
fondness [396]
fool [749]
fools [772, 1281, 1287]
for [3, 83, 101, 107, 108, 125, 188, 199, 298, 374, 395, 396, 410, 434, 435, 441, 449, 533, 585, 604, 629, 652, 658, 710, 731, 760, 781, 820, 859, 862, 868, 895, 933, 935, 963, 993, 1023, 1027, 1085, 1133, 1154, 1232, 1247, 1264, 1267, 1394, 1395, 1397, 1424, 1451, 1476, 1492, 1499, 1525, 1529, 1555, 1559, 1582, 1587, 1588, 1592, 1598, 1609, 1612, 1646, 1648, 1673, 1696, 1708, 1717]
forbade [1336]
forbidden [746, 765]
force [316, 556, 628, 629, 779, 1213]
forced [985]
forces [311, 1161, 1166]
foremost [334, 344]
forfeit [1312]
forgotten [1052]
form [1514, 1515, 1522, 1685]
format [1454, 1516, 1517, 1522]
formats [1380, 1638]
forms [1197]
forth [583, 1390, 1427, 1493, 1509, 1564, 1567, 1609, 1616]
forty [1717]
forward [781, 898, 920, 923, 926, 973, 1188, 1274]
found [34, 303, 379, 380, 448, 590, 1009, 1187, 1278, 1380, 1500, 1670]
foundation [1388, 1440, 1441, 1463, 1538, 1542, 1544, 1565, 1567, 1584, 1590, 1623, 1624, 1647, 1650, 1651, 1655, 1657, 1660, 1662, 1665, 1670, 1680, 1690, 1732]
framework [864]
frantic [51, 376]
fraud [776, 1058, 1064, 1118, 1160]
free [1408, 1437, 1450, 1559, 1637]
freely [399, 1450, 1646, 1685, 1717]
frequencies [756]
frequency [1238]
fretful [613]
friend [191, 194, 901, 1253, 1268, 1284, 1304, 1317]
friends [344, 941]
frightened [441]
from [37, 45, 49, 106, 128, 189, 226, 228, 295, 447, 549, 673, 698, 723, 769, 784, 791, 833, 893, 894, 898, 917, 956, 972, 976, 986, 987, 1055, 1074, 1104, 1114, 1130, 1171, 1180, 1181, 1188, 1238, 1278, 1357, 1358, 1386, 1426, 1446, 1485, 1504, 1533, 1565, 1599, 1628, 1629, 1641, 1699, 1701, 1705, 1721]
front [200, 619, 992]
fruition [1323]
fulfillment [1325]
full [1403, 1405, 1411, 1434, 1454, 1470, 1503, 1510, 1523, 1546, 1548, 1554, 1662]
fumbled [1221]
function [1087]
functions [592]
further [1607]
fury [983]
future [1437, 1648]
galaxy [172]
gas [389, 390, 674]
gasped [237, 661, 864, 985, 1322]
gasps [1215]
gave [862, 867]
gaze [359, 545, 740, 807, 924, 948]
gearing [585]
general [1390, 1415, 1713]
generations [1646, 1649]
genius [376]
gentle [368]
gently [272, 659]
gesture [75]
gestured [823, 1021, 1105]
get [172, 274, 834, 860, 876, 906, 936, 972, 976, 1069, 1181]
getting [809]
ghosts [298]
girl [97, 121, 179, 188, 189, 255]
give [5, 1269, 1478, 1593, 1604]
given [1398]
glance [517]
glanced [60, 96, 174, 918, 947]
glare [917]
gleaming [975]
glimpse [387, 966, 1007]
glimpsed [968]
glistening [1072]
glittered [974, 1020]
globe [35]
glow [480]
glowed [1044]
go [128, 203, 249, 609, 712, 789, 935, 1015, 1217, 1239, 1244, 1299, 1309, 1310, 1312, 1314, 1335, 1368]
goals [1645]
gods [1209]
goes [609]
going [456, 457, 819, 1284]
gold [211]
golden [92]
gone [89, 457, 472, 964, 1251]
good [210, 258, 976, 1131, 1241, 1367]
got [44, 231, 651, 860, 905, 1000, 1193]
gotta [177]
gotten [47]
govern [1457]
grab [710]
grabbing [239]
grace [1028]
granted [1659]
grasping [1095]
gratefully [1704]
grave [160]
gravity [566, 1163, 1213]
gray [365]
great [72, 75, 76, 79, 199, 200, 210, 1248, 1256, 1264]
greater [1307]
green [91, 97]
greg [21]
gregory [1675]
grew [141, 330]
grip [239, 252, 271, 275, 339, 350, 500, 906, 1098, 1358]
gripped [491]
gritted [848]
gross [1533]
group [845, 885, 1563]
grow [281]
growing [147]
grown [313]
grunt [281]
grunted [682]
guarded [941, 943]
gun [388, 389, 652, 671, 786, 789, 791, 817, 925, 981, 988, 990, 996]
guns [390, 395, 673, 1022, 1175]
gutenberg [1, 6, 7, 24, 1377, 1381, 1392, 1393, 1405, 1408, 1411, 1412, 1413, 1416, 1418, 1423, 1425, 1430, 1433, 1436, 1437, 1440, 1442, 1448, 1449, 1450, 1452, 1454, 1463, 1467, 1470, 1471, 1472, 1473, 1479, 1480, 1484, 1490, 1492, 1495, 1499, 1503, 1505, 1511, 1516, 1518, 1519, 1523, 1526, 1530, 1534, 1536, 1538, 1542, 1543, 1548, 1551, 1560, 1563, 1565, 1566, 1571, 1574, 1584, 1585, 1586, 1625, 1627, 1631, 1632, 1635, 1637, 1644, 1645, 1647, 1648, 1649, 1652, 1654, 1657, 1661, 1671, 1679, 1682, 1697, 1708, 1711, 1713, 1716, 1718, 1721, 1728, 1730, 1731]
guy [1248]
had [33, 45, 46, 47, 55, 62, 97, 98, 102, 215, 238, 286, 305, 312, 313, 335, 371, 375, 396, 414, 415, 418, 438, 441, 460, 469, 479, 482, 483, 484, 519, 521, 524, 539, 590, 592, 655, 663, 665, 677, 722, 744, 745, 747, 808, 834, 865, 894, 923, 953, 1052, 1075, 1093, 1094, 1133, 1251, 1306, 1332, 1343, 1355]
hair [99, 717]
haired [716]
half [509]
hallucination [838]
hand [180, 204, 230, 234, 238, 435, 652, 671, 786, 817, 822, 975, 982, 984, 1020, 1097, 1250, 1372]
handed [743]
handle [439, 1093]
hands [74, 898, 1175]
hank [932, 936, 939]
happen [222]
happened [648, 653, 1148]
happening [569]
hard [641, 659, 762, 860]
harm [368, 410]
harmless [1628]
harmonies [309]
hart [1715]
has [73, 200, 1016, 1059, 1536, 1727]
hastily [705]
hate [54, 720]
have [8, 69, 80, 165, 177, 295, 307, 372, 376, 577, 769, 805, 811, 845, 856, 882, 907, 923, 1016, 1050, 1052, 1088, 1112, 1158, 1192, 1207, 1219, 1231, 1237, 1335, 1336, 1419, 1467, 1481, 1588, 1695, 1700]
haven [183, 443]
he [34, 57, 62, 84, 91, 96, 111, 129, 151, 163, 173, 180, 184, 189, 191, 207, 208, 231, 233, 249, 252, 270, 287, 311, 312, 313, 314, 317, 334, 358, 371, 372, 376, 378, 382, 386, 410, 416, 417, 418, 428, 435, 443, 449, 450, 456, 464, 465, 473, 477, 479, 482, 483, 484, 489, 491, 497, 515, 524, 528, 533, 539, 542, 592, 594, 629, 640, 650, 658, 661, 666, 669, 671, 685, 722, 723, 725, 734, 740, 793, 796, 815, 816, 823, 827, 834, 837, 846, 865, 892, 893, 894, 895, 903, 910, 916, 925, 940, 947, 948, 949, 963, 964, 973, 976, 983, 984, 986, 987, 990, 996, 1007, 1008, 1021, 1026, 1027, 1031, 1047, 1051, 1052, 1053, 1076, 1085, 1096, 1105, 1130, 1136, 1139, 1142, 1181, 1195, 1221, 1233, 1247, 1257, 1335, 1355, 1356, 1358, 1536, 1547, 1717]
head [297, 429, 528, 884, 1075]
headrest [402]
headwaiter [67, 74, 77, 84, 89, 199, 210]
hear [615, 955, 990, 1076, 1733]
heard [522, 856]
heart [1144, 1202]
heaven [228, 1007, 1306]
heavily [56]
heavy [179, 386, 1072]
held [91, 270, 654, 725, 1075]
hell [342, 682, 929, 945, 1064, 1068]
help [901, 936, 1281, 1283, 1437, 1650, 1732]
helped [1325]
her [98, 99, 100, 103, 104, 106, 107, 108, 125, 149, 196, 204, 230, 231, 235, 237, 238, 239, 242, 250, 269, 270, 272, 279, 330, 335, 346, 351, 360, 371, 411, 435, 439, 516, 530, 657, 658, 665, 933, 993, 996, 1044, 1120, 1125, 1130, 1137, 1355, 1361]
here [45, 58, 73, 103, 105, 108, 123, 126, 145, 149, 151, 152, 184, 301, 376, 488, 556, 669, 819, 837, 853, 895, 901, 905, 928, 934, 1021, 1038, 1059, 1069, 1256, 1267, 1324, 1327, 1330, 1356]
herself [439]
hesitated [844, 846, 1035, 1247]
hid [893]
hidden [173, 388, 520, 650, 1012]
hide [434]
hiding [298]
high [521, 640, 725]
hilt [977, 1278]
him [34, 51, 53, 57, 67, 90, 91, 92, 97, 105, 150, 153, 183, 188, 194, 196, 200, 210, 233, 234, 311, 314, 347, 359, 379, 381, 382, 397, 410, 436, 456, 480, 484, 488, 496, 518, 530, 547, 558, 589, 591, 627, 628, 703, 710, 715, 779, 814, 829, 834, 836, 838, 850, 851, 865, 884, 908, 934, 937, 974, 987, 993, 1013, 1041, 1093, 1130, 1140, 1157, 1310, 1344, 1355, 1356, 1357]
himself [175, 211, 428, 448, 453, 984]
his [44, 47, 53, 61, 65, 74, 77, 79, 96, 101, 128, 132, 151, 155, 175, 179, 186, 214, 231, 232, 234, 235, 238, 250, 253, 272, 281, 288, 309, 310, 312, 320, 344, 353, 359, 362, 365, 368, 373, 378, 380, 388, 389, 397, 409, 410, 411, 429, 434, 448, 470, 472, 473, 475, 480, 483, 491, 496, 501, 517, 528, 540, 545, 560, 590, 591, 615, 621, 623, 632, 652, 653, 658, 659, 671, 678, 715, 717, 718, 720, 724, 740, 748, 753, 778, 786, 793, 794, 808, 814, 817, 822, 829, 835, 855, 884, 916, 924, 925, 931, 941, 948, 963, 966, 972, 976, 982, 986, 1008, 1020, 1031, 1075, 1097, 1133, 1136, 1144, 1152, 1154, 1250, 1278, 1312, 1336, 1358, 1370]
hit [1287]
hoarse [1228]
hold [312, 448, 712, 731, 1001, 1027, 1229, 1230, 1623]
holder [1487, 1496, 1498, 1500]
holding [991]
hole [1048]
holstered [652]
home [985]
honest [978]
honor [1264, 1267, 1269]
hooked [204]
hope [1448]
hopeless [1281]
horror [1271]
hostage [820]
hot [242, 738, 764]
hotly [569]
hound [1217]
how [47, 69, 119, 186, 328, 332, 349, 421, 592, 815, 839, 1199, 1211, 1357, 1650, 1731, 1732]
however [872, 1515]
huge [294]
human [62, 65, 303, 304, 313, 316, 345, 376, 391, 425, 634, 650, 666, 696, 700, 706, 741, 825, 845, 920, 972, 977, 1016, 1055, 1076, 1283]
humans [56, 157, 221, 358, 458, 722, 744, 770, 794, 856, 991, 1030, 1035, 1038, 1044, 1185, 1322, 1324]
hundred [417]
hundreds [1640]
hung [239, 249, 373]
hungrily [659]
hurry [601, 603]
hushed [220]
hypertext [1515]
hypnosis [1203]
hypnotic [461, 464, 771]
hypnotize [1149]
i [69, 75, 80, 83, 115, 119, 121, 131, 139, 141, 183, 194, 214, 243, 252, 255, 264, 274, 328, 330, 334, 349, 355, 369, 371, 510, 579, 581, 585, 587, 615, 623, 653, 663, 737, 738, 790, 805, 823, 831, 856, 893, 905, 906, 932, 934, 935, 936, 1000, 1001, 1026, 1027, 1036, 1055, 1058, 1068, 1093, 1108, 1112, 1120, 1123, 1125, 1133, 1139, 1140, 1192, 1229, 1253, 1256, 1262, 1269, 1271, 1284, 1293, 1298, 1309, 1310, 1311, 1316, 1320, 1341, 1348, 1349, 1355, 1356, 1357, 1364, 1365]
ice [197]
icy [346]
identification [1660]
identify [1572]
idiot [1355]
if [7, 125, 150, 151, 160, 252, 313, 315, 334, 350, 371, 417, 419, 434, 460, 473, 589, 604, 627, 628, 655, 779, 789, 814, 822, 831, 923, 942, 1053, 1096, 1120, 1148, 1228, 1230, 1293, 1311, 1330, 1367, 1394, 1395, 1421, 1424, 1436, 1444, 1459, 1480, 1484, 1488, 1495, 1515, 1555, 1562, 1593, 1596, 1598, 1599, 1603, 1605, 1616]
ignored [288, 892]
ii [292]
iii [554]
illumination [402]
illumined [294]
illumining [1005]
illusion [837]
immediate [1470, 1510]
impassive [794]
impassivity [416]
impatient [891, 903]
impede [418]
imperceptibly [891]
impetuous [890, 903]
implied [1611, 1614]
important [93, 682, 805, 878, 1050, 1059, 1687]
imposed [1498]
impossible [452]
impression [539, 1019, 1075, 1094]
impulsively [844]
in [3, 7, 44, 60, 75, 83, 92, 103, 104, 106, 132, 145, 149, 152, 157, 178, 197, 200, 207, 214, 220, 221, 237, 242, 253, 281, 287, 298, 307, 309, 312, 315, 335, 345, 373, 381, 390, 391, 401, 407, 416, 417, 418, 440, 461, 464, 467, 472, 473, 480, 483, 487, 496, 517, 522, 531, 543, 551, 560, 603, 619, 643, 654, 665, 671, 690, 731, 738, 756, 760, 765, 786, 789, 807, 814, 817, 839, 850, 884, 892, 896, 905, 917, 928, 955, 973, 974, 977, 981, 982, 992, 995, 1012, 1020, 1035, 1051, 1072, 1074, 1084, 1097, 1114, 1136, 1139, 1142, 1175, 1184, 1187, 1195, 1203, 1205, 1206, 1215, 1224, 1241, 1268, 1306, 1328, 1331, 1336, 1349, 1352, 1372, 1374, 1380, 1387, 1388, 1390, 1399, 1410, 1423, 1427, 1431, 1441, 1443, 1444, 1445, 1451, 1453, 1458, 1459, 1460, 1464, 1476, 1480, 1487, 1493, 1509, 1513, 1516, 1517, 1521, 1523, 1542, 1547, 1550, 1554, 1555, 1564, 1567, 1573, 1583, 1590, 1597, 1602, 1605, 1606, 1610, 1616, 1625, 1638, 1641, 1646, 1665, 1685, 1691, 1694, 1701, 1709, 1722, 1724]
inaccurate [1576]
incidental [1593]
include [1522]
included [6, 1479, 1723]
includes [1730]
including [1357, 1514, 1587, 1611, 1629, 1639, 1686, 1710, 1731]
incognito [335]
incomplete [1576]
increasing [1684]
indemnify [1623]
indemnity [1623]
indicate [1419]
indicated [807]
indicating [75, 1486]
indirect [1592]
indirectly [1629]
individual [1442, 1444, 1484, 1495]
information [769, 859, 876, 878, 1238, 1543, 1635, 1651, 1654, 1670, 1673, 1679, 1713, 1730]
infringement [1578]
inharmonious [303]
inside [57, 316, 365, 397, 480, 834, 836, 945, 1038, 1056]
insides [47]
insisted [569, 575, 963, 1008, 1235]
insisting [837]
instant [125, 910, 948]
instantly [233, 340, 658]
instead [50, 76, 271, 296, 537]
instruments [1094]
intangible [53]
intellectual [1420, 1578]
intended [894, 1053]
interlopers [977]
internal [1659]
international [1704]
interpret [1089]
interpreted [1618]
interrupt [267]
interrupted [655, 1068]
interwoven [1238]
intimate [942]
into [89, 97, 155, 175, 204, 215, 216, 232, 238, 250, 289, 347, 358, 385, 421, 433, 461, 469, 496, 540, 561, 596, 612, 725, 734, 761, 790, 931, 1020, 1048, 1215, 1256, 1299, 1344]
intruding [540]
invalidity [1619]
investigate [853]
invisible [556, 557, 779]
involved [850, 1203, 1208]
is [3, 65, 73, 75, 132, 135, 139, 141, 184, 191, 196, 326, 335, 355, 560, 564, 565, 569, 571, 603, 604, 669, 737, 753, 754, 760, 770, 771, 805, 823, 827, 878, 903, 963, 1047, 1079, 1133, 1142, 1160, 1193, 1196, 1201, 1203, 1208, 1213, 1237, 1254, 1267, 1284, 1299, 1312, 1322, 1323, 1352, 1367, 1368, 1393, 1396, 1400, 1430, 1444, 1473, 1476, 1484, 1486, 1495, 1535, 1556, 1606, 1610, 1637, 1657, 1661, 1665, 1668, 1690, 1723]
it [5, 45, 49, 50, 75, 80, 90, 91, 92, 109, 126, 137, 139, 141, 177, 207, 232, 240, 245, 250, 253, 255, 294, 302, 303, 304, 305, 315, 322, 326, 335, 340, 350, 380, 433, 435, 462, 473, 479, 480, 503, 515, 521, 522, 535, 556, 560, 569, 570, 589, 604, 634, 650, 663, 669, 709, 712, 725, 740, 743, 751, 753, 760, 770, 774, 812, 814, 829, 831, 843, 844, 848, 899, 941, 942, 948, 968, 981, 982, 1009, 1017, 1026, 1041, 1045, 1049, 1050, 1051, 1053, 1055, 1058, 1064, 1068, 1076, 1079, 1096, 1105, 1148, 1151, 1172, 1185, 1187, 1188, 1201, 1202, 1203, 1213, 1218, 1228, 1231, 1232, 1237, 1257, 1267, 1289, 1296, 1298, 1299, 1310, 1322, 1323, 1331, 1336, 1348, 1349, 1356, 1388, 1430, 1455, 1478, 1486, 1597, 1598, 1604, 1639, 1692]
its [239, 307, 450, 562, 724, 735, 767, 1098, 1171, 1454, 1521, 1666, 1668, 1683]
itself [94, 761]
iv [959]
jabbing [346]
jarred [632]
jarring [641]
jealous [1131, 1133]
jerked [666, 723]
jet [1104]
john [344]
johnny [330, 332, 339, 344, 349, 445, 784, 848, 850, 907, 1045, 1069]
johnson [34, 44, 46, 50, 60, 62, 69, 79, 84, 87, 89, 90, 101, 128, 149, 179, 186, 197, 204, 206, 211, 214, 230, 258, 266, 270, 286, 288, 310, 330, 339, 344, 349, 378, 386, 387, 396, 409, 414, 421, 430, 434, 448, 453, 463, 517, 521, 556, 579, 599, 609, 617, 625, 627, 628, 651, 657, 665, 671, 677, 680, 686, 712, 718, 748, 749, 781, 786, 790, 794, 798, 808, 811, 819, 833, 844, 853, 859, 864, 884, 891, 911, 916, 924, 931, 939, 945, 955, 961, 981, 986, 995, 1003, 1019, 1030, 1041, 1044, 1045, 1071, 1075, 1093, 1097, 1108, 1120, 1144, 1151, 1156, 1191, 1246, 1256, 1260, 1271, 1330, 1335, 1343, 1352]
joint [50, 906]
jump [1048]
jumping [52]
jungle [809]
just [80, 87, 141, 612, 764, 1049, 1071]
keep [1693, 1724]
keeping [1451, 1453]
kept [539, 769, 916]
kid [482]
kill [791, 811]
killer [158]
kind [745, 844, 1611]
kissed [77, 936]
kissing [934]
knew [132, 233, 243, 425, 474, 831, 892, 940, 942, 948, 1257]
knife [155, 700, 705, 723, 725, 731, 734, 808, 974, 976, 986, 988, 1000, 1020, 1025, 1098, 1172, 1278, 1289]
knives [956, 1278]
knock [709]
knocked [391, 394]
knot [666, 700, 705]
know [105, 119, 214, 274, 328, 330, 332, 374, 790, 805, 815, 851, 895, 1001, 1026, 1091, 1123, 1125, 1160, 1166, 1191, 1192, 1267, 1284, 1700]
knowing [121, 123, 886, 1218]
knowledge [859]
known [305, 344, 628, 941]
knows [423]
lab [654]
laboratory [1089]
lack [450]
lake [1669]
language [17, 651]
languorous [519]
last [169, 355, 932, 1196]
latched [1192]
later [87, 663]
laughed [163, 1131]
law [1387, 1400, 1444, 1485, 1573, 1617, 1619]
laws [8, 566, 1331, 1457, 1458, 1460, 1481, 1658, 1663, 1690, 1706]
lay [174, 448]
lead [1218]
leaned [1233, 1274]
leap [926]
learn [1649]
learned [592, 934, 1357]
learning [1050]
leave [799, 1229, 1262, 1294]
led [285]
left [131, 175, 234, 320, 383, 386, 388, 411, 517, 653, 925, 1097, 1358]
legal [1587, 1629]
legally [1540]
length [716]
lens [1105]
less [83]
let [266, 690, 709, 906, 1069, 1356]
letters [1358]
level [1204]
levitate [566]
levitating [571]
liability [1587, 1589, 1628]
liable [1592]
library [1716]
license [6, 1391, 1401, 1403, 1405, 1412, 1413, 1420, 1454, 1470, 1479, 1499, 1504, 1511, 1523, 1549]
licensed [1684]
lie [571, 575]
lied [573, 577]
lieu [1603, 1605]
life [231, 373, 480, 657, 700, 820, 1020, 1023, 1269, 1271, 1284, 1312, 1641]
lifted [628, 740, 822, 1053, 1157, 1336]
light [91, 407, 414, 416, 447, 951, 961, 1003, 1104, 1180, 1188, 1294, 1299, 1302]
lightly [288]
lightning [234, 1225]
lights [400]
like [141, 228, 463, 518, 530, 557, 809, 939, 993, 1148, 1374]
limitation [1615, 1616, 1619]
limited [1576, 1582, 1596, 1609, 1612]
limp [239, 249, 986]
linked [1499]
links [1469, 1510, 1669]
lips [658, 659]
liquid [66]
liquor [65]
listen [1088]
listened [1076]
listening [1076]
literary [1440, 1538, 1542, 1544, 1565, 1584, 1647, 1649, 1654, 1657, 1661, 1680, 1731]
little [87, 220, 397, 427, 509, 596, 613]
lives [820]
living [716]
located [7, 8, 1445, 1457, 1480, 1482, 1668]
locations [1668, 1694]
long [417, 1447]
longer [163, 472]
look [160, 516, 803, 949, 1031, 1062, 1142, 1156, 1274]
looked [202, 358, 460, 497, 963, 964, 1012, 1044, 1045]
looking [441, 933, 935, 1041]
loose [1718]
lord [1330]
lost [239, 767, 778, 1059]
lot [1091, 1435]
louder [302]
love [54, 55, 56, 210, 531, 1352, 1355, 1362]
low [98, 253]
luck [882]
lulled [461]
lunging [974]
lurched [189]
lutes [228, 302]
lying [180, 196, 621]
m [264, 371, 1108]
machine [1685]
made [206, 483, 484]
magic [419, 1330, 1331]
magnetic [345]
mail [1547]
mailing [1666]
main [1727]
maintaining [1687]
make [83, 177, 255, 349, 381, 754, 947, 1618, 1704, 1731]
makes [789, 1463]
making [287, 355, 489]
malice [270]
man [174, 175, 243, 387, 667, 823, 1025, 1059, 1348]
manipulate [1161, 1167]
many [312, 395, 755, 1195, 1197, 1686, 1693]
marked [650, 1514, 1541]
martin [374, 375, 425, 453, 669, 682, 709, 715, 716, 717, 726, 753, 758, 764, 769, 776, 781, 823, 850, 891, 898, 905, 915, 926, 928, 931, 933, 940, 942, 992, 1040, 1047, 1051, 1059, 1082, 1091, 1118, 1142, 1149, 1163, 1180, 1187, 1191, 1199, 1211, 1217, 1235, 1241, 1246, 1251, 1343, 1353]
marvelous [1096]
mary [21]
mask [975]
mass [672]
massage [240]
master [576, 597, 621, 1051]
mat [297, 402, 429, 498, 549, 1116]
mate [993]
matter [155, 160, 391, 1049, 1218, 1219, 1237]
matters [171]
maximum [1618]
may [5, 577, 663, 712, 850, 1262, 1283, 1300, 1394, 1396, 1398, 1399, 1426, 1430, 1478, 1513, 1529, 1575, 1602, 1604, 1606]
maybe [83]
me [87, 245, 252, 266, 363, 493, 500, 696, 703, 724, 741, 936, 1015, 1267, 1268, 1269, 1283, 1284, 1287, 1289, 1294, 1309, 1310, 1314, 1317, 1352, 1356, 1359]
mean [119, 194, 385]
meaning [253, 652, 1095, 1254]
means [1387, 1520]
meant [665]
medium [1550, 1575, 1579, 1600]
meet [1327, 1693]
melodies [304]
memory [474]
men [102, 105, 977]
mental [1096]
merriment [197]
message [972]
met [983, 1327, 1700]
method [1534]
methods [1709]
michael [344, 1715]
middle [407, 1639]
might [171, 207, 208, 372, 831, 934]
mighty [65, 74, 83]
mind [104, 125, 132, 560, 939, 1133]
minds [305, 1204, 1214]
mine [738]
mingled [1022]
minor [155, 1209]
minute [822]
minutes [438, 1084]
missed [1052]
mission [1408, 1449, 1635, 1683]
mississippi [1659]
mistake [256]
mistaking [1156]
models [483]
modification [1631]
modified [1398]
moment [207, 963, 982, 1071, 1268]
money [772, 1546, 1555, 1598]
more [93, 141, 214, 283, 381, 399, 458, 850, 867, 910, 1064, 1269, 1299, 1364, 1649]
most [4, 72, 479, 651, 815, 890, 941, 1205, 1433, 1458, 1477, 1727]
mostly [54]
motion [692]
motionless [448]
motives [158]
move [493, 789, 916, 924, 1016, 1019]
moved [234, 289, 378, 380, 381, 510, 685, 747, 781, 1028, 1120, 1125, 1136, 1188, 1195]
movement [382, 418, 690]
moving [285, 358, 809, 961, 1049, 1178]
much [465, 815, 1357, 1693]
multitude [557, 589, 613]
mumble [1077]
mural [1004, 1007]
muscles [232, 409]
music [227, 302, 309, 399, 433, 461, 471, 519, 1114, 1201]
musical [452]
must [75, 202, 1422, 1470, 1490, 1497, 1519, 1522, 1538, 1549, 1564, 1600]
muted [227, 612]
mutter [1139]
muttered [1118]
muttering [653]
my [75, 117, 129, 132, 194, 266, 332, 511, 806, 831, 1019, 1026, 1229, 1233, 1244, 1253, 1267, 1269, 1284, 1304, 1317, 1322, 1346, 1355]
mystery [35, 1306]
n [445]
naked [974]
name [132, 137, 332, 940, 943, 1306, 1452]
named [1379]
names [592]
narrowly [1052]
nature [1192]
nearly [1397, 1442]
necessarily [1724]
neck [260, 658, 726, 933]
necklace [100, 101, 108]
necks [1068]
need [1089, 1239, 1644]
needed [1368]
needles [346]
negligence [1588]
neither [61, 746, 924]
nerve [233, 243, 271, 315, 339, 350, 985]
nervous [181, 716]
nest [378, 380]
net [22]
network [1718]
never [194, 255, 744, 1094, 1097]
new [1639, 1732, 1733]
newsletter [1733]
next [60, 394, 415]
nice [137]
nicer [139]
nickname [940]
night [485, 1224, 1242, 1344, 1372]
nipping [556]
no [4, 73, 104, 131, 141, 152, 157, 270, 351, 359, 368, 425, 472, 509, 565, 566, 665, 760, 764, 838, 886, 978, 981, 1015, 1016, 1076, 1133, 1156, 1157, 1160, 1207, 1218, 1219, 1262, 1283, 1289, 1299, 1387, 1463, 1477, 1519, 1588, 1610, 1700]
nobody [423]
nod [806]
nodded [891]
noise [50]
noiseless [390]
non [1657]
none [829, 884, 1300]
nor [62, 746, 924]
north [1668]
nose [44, 129, 310]
not [7, 39, 87, 131, 163, 191, 207, 264, 305, 313, 369, 390, 395, 410, 414, 427, 454, 464, 472, 473, 515, 522, 526, 535, 542, 543, 565, 569, 571, 575, 576, 577, 621, 627, 628, 663, 673, 712, 749, 753, 805, 812, 815, 865, 872, 875, 886, 895, 916, 924, 942, 949, 963, 970, 972, 1026, 1030, 1031, 1080, 1098, 1123, 1133, 1262, 1264, 1267, 1293, 1317, 1323, 1386, 1394, 1395, 1400, 1421, 1425, 1445, 1480, 1485, 1503, 1507, 1525, 1548, 1573, 1576, 1591, 1611, 1614, 1620, 1692, 1694, 1695, 1699, 1700, 1722, 1723]
note [37, 654]
notes [52]
nothing [771]
nothingness [470]
notice [1486, 1593, 1723]
notifies [1546]
november [15, 38]
now [318, 439, 488, 609, 663, 732, 1016, 1071, 1268, 1283, 1331, 1335, 1367, 1368]
nowhere [470]
nuances [54]
number [675, 1661, 1684, 1709]
numerous [1667]
o [445]
obey [737]
object [760]
obsolete [1639]
obtain [1426, 1492, 1564]
obtaining [1424, 1521]
occasions [46]
occur [1630]
of [1, 3, 4, 6, 8, 11, 24, 29, 35, 47, 50, 51, 54, 55, 57, 58, 66, 72, 76, 77, 80, 92, 99, 100, 102, 103, 108, 139, 141, 150, 155, 157, 158, 169, 172, 173, 180, 196, 200, 202, 206, 211, 215, 216, 218, 222, 226, 231, 235, 238, 253, 271, 285, 289, 294, 297, 301, 302, 306, 307, 310, 312, 314, 334, 345, 346, 353, 371, 378, 381, 387, 389, 391, 396, 397, 401, 402, 407, 411, 414, 416, 418, 427, 431, 439, 440, 447, 450, 453, 457, 470, 471, 473, 474, 475, 480, 482, 483, 485, 487, 516, 518, 520, 530, 543, 557, 566, 576, 589, 590, 591, 592, 613, 619, 631, 632, 636, 643, 651, 666, 672, 673, 675, 678, 692, 700, 705, 707, 715, 716, 718, 724, 728, 734, 745, 746, 747, 755, 761, 770, 772, 787, 807, 808, 815, 816, 819, 829, 831, 834, 836, 843, 844, 845, 855, 856, 875, 890, 906, 918, 924, 925, 931, 947, 948, 951, 956, 961, 966, 972, 975, 983, 990, 992, 1006, 1007, 1008, 1009, 1019, 1022, 1025, 1028, 1049, 1056, 1059, 1069, 1077, 1085, 1094, 1095, 1104, 1136, 1139, 1154, 1182, 1192, 1193, 1195, 1202, 1203, 1204, 1205, 1206, 1207, 1214, 1217, 1224, 1226, 1231, 1235, 1237, 1238, 1241, 1268, 1278, 1293, 1294, 1302, 1311, 1317, 1326, 1331, 1332, 1341, 1348, 1349, 1352, 1355, 1361, 1362, 1364, 1365, 1374, 1377, 1380, 1390, 1391, 1395, 1397, 1408, 1409, 1411, 1415, 1418, 1420, 1422, 1423, 1424, 1426, 1432, 1434, 1435, 1436, 1442, 1448, 1449, 1451, 1453, 1457, 1459, 1460, 1464, 1471, 1476, 1477, 1479, 1481, 1486, 1491, 1492, 1496, 1500, 1501, 1504, 1508, 1510, 1516, 1520, 1521, 1529, 1533, 1534, 1536, 1546, 1547, 1548, 1550, 1551, 1554, 1556, 1557, 1559, 1560, 1563, 1566, 1582, 1583, 1584, 1589, 1593, 1596, 1597, 1598, 1603, 1605, 1609, 1611, 1612, 1614, 1615, 1617, 1620, 1624, 1625, 1627, 1629, 1630, 1635, 1637, 1638, 1640, 1641, 1658, 1659, 1683, 1684, 1686, 1691, 1695, 1696, 1700, 1705, 1709, 1715, 1716, 1718, 1722]
off [320, 451, 482, 798, 1022, 1027, 1031, 1318, 1324, 1328, 1361, 1374]
offers [746, 1702]
office [1665, 1668]
official [1517, 1518, 1671]
often [1721]
oh [171, 210, 445, 945, 1131]
old [457, 1383, 1639]
on [33, 40, 49, 98, 145, 150, 153, 157, 171, 175, 180, 181, 186, 206, 226, 230, 234, 245, 252, 269, 270, 281, 294, 335, 351, 368, 378, 380, 382, 386, 402, 411, 429, 431, 475, 498, 500, 654, 657, 715, 786, 827, 843, 907, 917, 929, 977, 1004, 1005, 1053, 1056, 1071, 1079, 1098, 1115, 1130, 1181, 1187, 1192, 1217, 1237, 1239, 1264, 1431, 1447, 1462, 1472, 1490, 1518, 1539, 1563, 1572, 1575, 1600]
one [73, 74, 83, 84, 102, 157, 169, 171, 196, 199, 200, 217, 226, 334, 346, 414, 542, 566, 683, 718, 816, 822, 890, 910, 982, 1094, 1140, 1196, 1278, 1293, 1306, 1307, 1310, 1311, 1331, 1336, 1383, 1387]
online [6, 21, 1412, 1480, 1710]
only [155, 390, 542, 725, 753, 941, 982, 1064, 1196, 1296, 1306, 1323, 1430, 1718]
open [226, 285, 295, 297, 1184, 1222, 1233, 1306]
opening [50, 227, 1028, 1040, 1172, 1224, 1246]
operating [389]
operation [391, 896]
opium [463, 464]
opportunities [1607]
opportunity [1605]
or [5, 6, 61, 65, 83, 171, 184, 298, 391, 722, 745, 1023, 1025, 1312, 1379, 1406, 1409, 1410, 1412, 1418, 1422, 1424, 1427, 1431, 1441, 1447, 1462, 1469, 1472, 1474, 1478, 1480, 1488, 1489, 1490, 1491, 1493, 1503, 1504, 1505, 1507, 1508, 1510, 1514, 1515, 1516, 1517, 1519, 1520, 1522, 1526, 1527, 1529, 1530, 1539, 1547, 1549, 1555, 1562, 1563, 1577, 1578, 1579, 1583, 1589, 1592, 1596, 1601, 1604, 1609, 1611, 1612, 1615, 1616, 1618, 1619, 1624, 1629, 1630, 1631, 1632, 1660, 1696]
ordered [599]
organ [577]
organism [316]
organized [1658]
original [1521]
originator [1715]
other [4, 311, 474, 577, 745, 755, 793, 807, 876, 882, 886, 984, 1088, 1337, 1339, 1410, 1463, 1469, 1477, 1505, 1517, 1522, 1551, 1559, 1577, 1579, 1585, 1611, 1709]
others [809, 1455]
otherwise [47]
ought [295, 330]
ounce [417]
our [260, 575, 811, 820, 1068, 1204, 1206, 1214, 1706, 1727, 1732, 1733]
out [171, 179, 183, 211, 391, 470, 474, 576, 591, 632, 678, 705, 807, 814, 819, 906, 925, 931, 936, 947, 1030, 1047, 1069, 1104, 1302, 1683]
outdated [1686]
outraged [723]
outside [1052, 1225, 1459, 1465, 1706]
outward [1021]
over [174, 314, 547, 709]
overload [836]
owed [1535]
own [388, 389]
owner [1536, 1566, 1584, 1591, 1624]
owns [1387, 1441]
page [1651, 1671]
pages [1708]
paid [1424, 1427, 1538, 1546, 1555, 1598]
pain [232, 237, 496, 985]
palatable [867]
pancreas [585]
panting [1044]
pants [47]
paper [1724]
paperwork [1693]
paragraph [1427, 1435, 1438, 1509, 1523, 1527, 1537, 1554, 1583, 1590, 1610]
paragraphs [1491, 1493, 1497]
paralysis [234, 243]
paralyzing [232, 233]
part [1019, 1087, 1202, 1203, 1390, 1418, 1504, 1508]
particular [1696, 1724]
particularly [1687]
parts [4, 590, 1477]
party [1585]
passed [428, 451]
path [451, 1300]
pathway [1318]
patted [272, 362, 435]
pattern [451]
patting [288, 320]
pay [1533]
paying [359, 1389, 1488]
payment [747]
payments [1538, 1541, 1710]
peace [1033]
pelting [306]
people [395, 798, 940, 1229, 1233, 1244, 1431, 1641, 1727]
perceptible [54]
perform [1507]
performance [748]
performances [1398]
performed [1474]
performing [1446, 1461, 1526]
perfume [52, 216, 218, 301, 309, 399, 462, 471, 1202]
perfumes [216]
perhaps [93, 425, 451, 461, 475, 479, 867, 890, 893, 1027, 1196, 1228, 1258, 1309]
periodic [1540]
periphery [172, 475]
permanent [755, 1648]
permission [1389, 1395, 1486, 1492, 1496, 1500, 1564]
permit [747, 798]
permitted [1619, 1662]
person [394, 1427, 1599, 1601, 1603]
persuasion [746]
phrase [1410, 1472, 1473, 1489]
physical [1550, 1600]
pick [1144]
picked [399]
picking [189]
picture [1156]
pieces [806, 1232]
pillows [299]
pinches [557]
pit [707, 715]
place [55, 104, 145, 216, 220, 226, 298, 522, 562, 833, 839, 1457]
places [315, 452]
plain [58, 1517, 1521]
plaintive [654]
planet [38, 1262]
planted [150]
planting [152]
played [855]
playing [215, 303, 309]
pleasant [98, 655]
pleasantly [305]
please [330, 355, 493, 617, 822, 1189, 1406, 1708, 1711]
plunge [725]
po [1666]
point [152, 760]
poise [778]
poised [787]
port [106]
possessed [1550]
possession [1424]
possibility [1593]
possible [565]
possibly [373, 894]
posted [1486, 1495, 1500, 1518]
pounce [809]
pound [1336]
pounding [52, 463]
pounds [417, 720]
pouring [447, 583]
practically [1033, 1399]
practiced [771]
precede [812]
prepare [1539, 1540]
prepared [454, 658]
preparing [993]
presence [103]
present [105, 520, 542, 756, 794]
preserve [1437]
pressed [388, 659]
pressing [991, 1035]
pressure [389, 836, 1172]
pressures [613]
pretty [108]
prevent [1446]
previous [1383]
prey [1217]
principal [1665]
print [1386]
printed [1398, 1721]
privilege [724, 737]
probably [139, 1049]
problem [1607]
process [1201]
processing [1515]
produce [1732]
produced [21, 37, 1717]
production [1627]
professor [1715]
profit [1657]
profits [1533]
prohibition [1700]
project [1, 6, 24, 1087, 1377, 1391, 1392, 1393, 1405, 1408, 1410, 1412, 1415, 1418, 1423, 1425, 1430, 1433, 1435, 1437, 1440, 1442, 1448, 1449, 1450, 1452, 1454, 1463, 1467, 1470, 1471, 1472, 1473, 1479, 1484, 1489, 1492, 1495, 1499, 1503, 1505, 1510, 1516, 1518, 1523, 1526, 1530, 1534, 1536, 1537, 1541, 1543, 1548, 1551, 1560, 1562, 1565, 1566, 1571, 1573, 1574, 1583, 1584, 1585, 1625, 1627, 1631, 1632, 1635, 1637, 1644, 1645, 1646, 1648, 1649, 1654, 1657, 1661, 1679, 1682, 1708, 1713, 1715, 1718, 1721, 1730, 1731]
projected [1146, 1156]
projector [1079, 1087]
prominent [217]
prominently [1471, 1509]
promoting [1408, 1449]
promotion [1627]
proofread [1572]
proofreading [22]
property [1420, 1578]
prophecy [1323, 1325]
proprietary [1514]
protect [893, 1264, 1392, 1408]
protected [1386, 1400, 1485, 1573, 1722]
protection [410, 435, 441]
protruded [1278]
provide [1515, 1520, 1546, 1554, 1602, 1643, 1647]
provided [1531, 1590, 1601, 1610]
providing [1489, 1529, 1604, 1625]
provision [1620]
provisions [1621]
public [1443, 1683, 1684]
publication [40]
pulled [956]
pulse [101, 102]
punitive [1592]
purpose [151, 152, 1397, 1612]
purposes [107]
pushed [1009]
quality [335]
quavered [607]
question [515, 764, 1114]
questioned [157, 1199]
questions [822]
quick [181]
quicken [101]
quickening [102, 301]
quickly [358, 949, 1038, 1246]
quiet [519, 594, 599, 609]
quite [73, 317, 427]
race [875, 1257]
radiated [720]
radiation [317]
radiations [345, 1088]
rage [54, 720]
rain [43, 44, 45, 46, 50, 306, 1005, 1224]
rainy [1372]
ramp [379]
ramps [294, 297, 299, 706]
ran [1372]
rang [939]
range [473]
rapidly [458, 1021, 1049]
rapport [1205, 1215]
rarely [306, 1006]
re [5, 242, 245, 1131, 1247, 1478]
reach [1204, 1214]
reached [435]
reaching [1644]
read [1133, 1406, 1419, 1580]
readable [1638, 1685]
reading [1418]
ready [809]
real [488, 565, 1151]
reality [472, 839]
realize [793]
realized [677, 1343]
really [356, 806, 1151]
rear [685]
reason [103, 395]
reasonable [1529]
reasons [101]
receipt [1547, 1557]
receive [1394, 1598, 1605]
received [1599, 1600, 1603, 1695, 1705]
receiving [1597]
recently [98]
recognize [63, 334, 339]
record [755]
recorded [1019]
recorder [722, 748, 896, 898, 905, 992, 1053, 1079, 1084, 1086, 1093, 1148, 1149, 1158, 1180, 1187, 1237, 1239, 1332]
recording [745, 747, 754, 761, 1062, 1064, 1074]
recordings [851]
records [1332]
redistribute [1507]
redistributing [1415, 1489]
redistribution [1400, 1401]
references [1448, 1467]
referring [115]
refund [1426, 1546, 1554, 1583, 1596, 1598, 1603, 1605, 1606, 1609]
regard [395]
regarded [149]
registered [1393, 1430]
regret [75]
regular [431]
regulating [1690]
relax [274, 362, 409, 1098]
relaxed [460]
release [15]
released [500, 899]
religious [864]
relishing [976]
reluctance [899]
remain [1646]
remaining [1621]
remedies [1588]
remember [737]
remembered [740]
remove [1503]
removed [1448, 1467]
renamed [1384]
renewed [40]
renowned [825]
repeated [621, 1106, 1184, 1211]
replace [1383]
replacement [1555, 1583, 1596, 1602, 1609]
reported [615, 1556]
reporting [570, 576, 590, 835, 836]
reports [1397]
representations [1464]
request [872, 1521]
require [1549]
required [1540]
requirements [1491, 1692, 1694, 1700]
research [39, 1398, 1572]
reservations [83, 199]
response [237]
rest [139, 297, 429]
restrictions [4, 1478]
return [1422, 1549, 1600]
returns [1540]
revealed [61, 1012, 1115, 1146, 1188]
revenue [1660]
rewound [1086]
rhumba [51]
rhythm [431]
rhythms [304]
right [80, 96, 104, 380, 394, 657, 905, 1112, 1446, 1582, 1596, 1609]
rigidly [916]
ripped [915]
ripple [427]
rise [92, 93]
risen [286]
rising [295, 549, 1241]
roar [776, 1033]
robe [417, 551]
rock [412]
rocked [983]
rocket [932]
roof [173, 174]
room [35, 52, 285, 289, 294, 298, 305, 310, 359, 402, 440, 470, 485, 497, 517, 520, 619, 631, 636, 643, 666, 690, 694, 728, 756, 761, 776, 807, 915, 1012, 1020, 1047, 1056, 1085, 1115, 1182]
rooms [307, 312, 453, 745, 765, 770, 885, 892]
rose [230, 403, 1027, 1097]
roughly [594]
round [794]
royalties [1390, 1537]
royalty [1533, 1538, 1540]
rug [299]
rule [1016]
rules [1293, 1299, 1311, 1390, 1396]
running [410, 718]
rustle [956]
s [37, 40, 61, 137, 178, 179, 180, 183, 188, 204, 230, 260, 270, 279, 283, 286, 288, 320, 334, 344, 371, 373, 385, 386, 387, 409, 421, 430, 433, 434, 463, 493, 556, 654, 657, 669, 671, 680, 682, 709, 726, 738, 762, 764, 767, 769, 786, 806, 829, 859, 898, 906, 915, 925, 931, 933, 939, 940, 942, 974, 975, 977, 983, 984, 990, 1000, 1033, 1049, 1051, 1059, 1069, 1071, 1082, 1098, 1142, 1175, 1215, 1228, 1241, 1250, 1256, 1262, 1306, 1316, 1355, 1386, 1400, 1485, 1547, 1573, 1644, 1660, 1663, 1665, 1670, 1706, 1715, 1723]
sacred [1208, 1230, 1291]
safe [362]
safety [1228]
said [69, 79, 87, 91, 96, 111, 121, 161, 177, 186, 191, 206, 253, 255, 258, 260, 266, 274, 375, 564, 573, 594, 609, 617, 625, 634, 712, 731, 740, 758, 790, 796, 798, 811, 819, 831, 855, 901, 945, 966, 1015, 1026, 1071, 1100, 1108, 1136, 1160, 1178, 1195, 1260, 1289, 1352]
sail [1324, 1326]
sails [1326]
sake [108]
salt [1668]
same [255, 1007, 1454]
sat [382]
savagely [235]
saw [194, 286, 430, 456, 477, 576, 718, 781, 808, 838, 910, 925, 931, 1006, 1015, 1019, 1036, 1041, 1140, 1294, 1310, 1316, 1320, 1341, 1348]
say [171, 214, 270, 629, 1068, 1311]
saying [132, 816]
scabbard [724, 735]
scabbards [956]
scared [440]
scattered [1667]
scene [355, 1115, 1146]
scent [1217]
scented [452]
science [1331]
scientist [33, 825, 1218]
scientists [334, 845]
scraping [200]
scratching [922]
scream [631, 915, 918]
screamed [666, 928, 1036, 1140, 1149, 1163, 1310]
screaming [833]
screams [1022]
search [1727]
searching [1008, 1244]
second [103, 260, 414, 415, 564, 573, 643, 1604, 1606]
seconds [392]
secret [34, 941, 1193, 1196, 1235]
secrets [362, 1192, 1195, 1231]
section [1009, 1415, 1543, 1567, 1635, 1654, 1679, 1713]
sections [1651]
secure [1647]
see [87, 202, 203, 503, 505, 561, 627, 906, 973, 1055, 1074, 1084, 1121, 1152, 1206, 1300, 1309, 1314, 1434, 1438, 1650]
seeing [349, 570, 844, 947, 1015]
seek [1228]
seeking [872, 875]
seem [62, 1091]
seemed [49, 128, 269, 359, 399, 509, 556, 589, 596, 657, 675, 728, 776, 778, 793, 1025, 1051, 1139]
seems [191]
seen [62, 183, 414, 443, 479, 524, 1016, 1094, 1374]
sees [1311]
self [1104]
semi [294, 990]
send [1695]
sending [309, 1598]
sense [577]
sensed [451, 1058]
senseless [450]
senses [53, 55, 312]
sensitive [940]
sent [397, 463, 1541]
sentence [1469, 1509]
sentences [266]
service [1660]
set [19, 91, 715, 1086, 1390, 1427, 1493, 1509, 1564, 1567, 1609, 1616]
settled [517]
several [1721]
sex [57]
shade [99]
shades [855]
shaking [35]
shall [83, 249, 1084, 1618, 1620]
shaped [483]
share [1206, 1455]
shared [1717]
sharing [1450]
sharp [330, 636]
sharply [829]
she [97, 105, 117, 131, 132, 149, 150, 204, 233, 237, 240, 269, 270, 272, 274, 279, 362, 374, 375, 376, 381, 435, 438, 439, 440, 445, 500, 509, 515, 663, 665, 677, 922, 923, 933, 936, 995, 1125, 1130, 1131, 1133, 1136, 1346, 1352]
shift [221, 864]
shifted [519, 948]
shifting [807]
ship [467, 469, 477, 487, 496, 507, 516, 524, 533, 573, 575, 576, 838, 839, 1317, 1324, 1325, 1361, 1375]
ships [483, 1163, 1364]
shivered [445]
shivering [435]
shock [242]
shook [528, 884]
shooting [685]
shot [232, 237]
should [1379, 1541]
shoulder [235]
shout [680, 1241]
shouted [669, 709, 776, 1139]
shouting [835, 838]
shoved [987]
show [1064]
shrank [1130]
shrugged [151]
shuddered [986]
shut [1128, 1133]
side [226, 239, 250, 718]
sighed [1362]
sight [212, 479, 480, 678, 705, 815, 1006, 1025]
sights [755]
signal [725]
signs [288]
silence [216, 561, 612, 631, 643, 644, 955, 1256]
silent [269, 530]
silly [450]
since [55, 102]
single [400, 596, 764]
sinking [976]
sins [196]
sit [515]
site [1518, 1670, 1727, 1730]
sitting [60, 518, 1012]
situation [449, 603]
skies [100]
skin [98, 378, 556, 581, 623, 835]
sky [173, 1225, 1374]
slammed [1040]
sleep [430, 431]
sleeping [107]
slender [716]
slid [97, 678, 1009, 1040]
slight [387]
slipped [734, 893]
slipping [155]
slitting [724]
slow [92, 433, 519]
slowly [226, 227, 458, 549, 551]
small [1115, 1686, 1706]
smash [1053]
smile [125, 269, 844]
smiled [105]
smiling [111, 121, 415]
smoke [52]
smokers [464]
smoking [464]
snapped [371, 1085]
snappy [177]
snatch [106, 996]
snatched [988, 1180]
sniffed [57]
so [453, 469, 542, 888, 901, 1047, 1052, 1357, 1388]
sob [1262]
sockets [1171]
soft [66, 96, 227, 672, 956, 1012, 1120]
softer [1125]
softly [1131, 1160]
sol [1006]
solar [178]
solicit [1694, 1699]
solicitation [1700]
solve [172]
solved [1306]
sombrely [149]
some [160, 315, 316, 317, 457, 576, 577, 655, 779, 831, 844, 993, 1207, 1293, 1309, 1324, 1374, 1614]
somehow [521, 539]
someone [382]
something [208, 316, 427, 462, 488, 510, 565, 597, 945, 966, 1001, 1050, 1058, 1191]
sometimes [1230]
somewhere [57, 171, 665]
soon [1244]
sorry [385]
sort [381]
sought [376, 410, 753, 860, 875, 984, 1247]
soul [218, 301, 365, 1203]
sound [66, 353, 427, 471, 517, 520, 521, 539, 615, 692, 1076, 1079, 1088, 1114]
sounded [228, 281, 738, 1051]
soundlessly [1009]
sounds [220, 755]
source [918]
space [106, 173, 295, 297, 467, 469, 477, 483, 487, 496, 507, 516, 524, 533, 573, 575, 838, 978, 1257, 1317, 1332, 1361, 1364, 1375]
sparkled [279]
spat [1047]
speaker [723]
speaking [84]
speaks [760]
special [1390]
specific [1395]
specified [1523, 1542]
speed [234, 521]
spend [1049]
spit [922]
spite [1136]
spitting [990]
split [643]
spoke [738, 829, 844, 850, 853, 862, 910, 920, 1038, 1346, 1364]
spot [407, 498, 917, 1004, 1009, 1294, 1302]
spotlight [401, 419, 469, 1003]
sprang [480, 1104]
sprawled [386]
spread [74, 1683]
spur [206]
sputtered [129]
squirm [778]
squirming [793]
staff [1706]
stage [296]
standing [720]
stared [961, 1047]
stars [451, 483, 1164, 1318, 1324, 1326, 1328, 1361]
start [24, 69, 80, 1403, 1727]
started [491, 640]
startled [493, 497, 500, 509, 643, 864, 995]
state [461, 543, 1213, 1459, 1617, 1619, 1659, 1663, 1697]
statements [1705]
states [3, 7, 53, 1166, 1387, 1389, 1399, 1444, 1445, 1459, 1465, 1476, 1481, 1488, 1614, 1691, 1692, 1699, 1701, 1706]
status [1464, 1659, 1688, 1696]
stayed [1335]
stepped [898, 1020, 1302]
steps [743, 973]
stiffened [411]
still [249, 385, 518, 837, 924, 1000, 1125, 1344]
stirring [218]
stolen [1231]
stone [518, 862, 867]
stood [230, 407, 917, 961, 992, 1250]
stool [97, 107, 175]
stop [690, 872, 1023]
stopped [692, 793, 1221]
stopping [540]
stops [875]
stored [1575]
stories [38]
stoutly [255]
straight [46, 57]
straightened [1285]
strains [227]
strange [309, 843]
street [43]
streets [1225, 1244]
stretched [428, 1115]
strict [1588]
strictly [746]
striking [235]
stronger [126, 301]
struck [674]
struggling [269, 706]
stumbled [1176]
subject [1400]
subscribe [1733]
subtlety [317]
such [102, 452, 790, 865, 1324, 1397, 1541, 1549, 1576, 1593, 1701]
sudden [215, 1171]
suddenly [128, 202, 220, 366, 440, 441, 590, 677, 767, 793, 1131, 1343]
sufficiently [123]
sullen [1082]
sun [1004, 1006]
support [429, 1449, 1643, 1683, 1719]
suppose [790]
sure [355, 895]
sureness [131]
surge [397]
surprise [79, 231, 281]
survive [1682]
suspected [151, 152, 311]
suspended [627]
suspicious [1110]
swamp [1706]
sweat [581, 623, 835, 1071]
sweating [1042]
sweet [217, 262]
sweetness [471]
swept [636, 1005, 1224]
swiftly [1095]
swing [226]
switches [1086, 1095]
sword [636]
swore [1136]
swung [949, 1222]
syllables [66]
synonymous [1637]
system [178]
t [1, 13, 31, 96, 105, 126, 137, 183, 203, 255, 281, 283, 296, 334, 374, 385, 443, 493, 503, 829, 875, 936, 1058, 1062, 1074, 1112, 1149, 1192, 1271, 1356]
table [1180]
take [431, 439, 908, 1031, 1084, 1213]
taken [604]
takes [1197, 1692]
talk [886, 1134, 1358]
talking [117]
tall [716]
tan [98]
tap [1214]
target [1279]
tattoo [181, 183]
taut [516]
tavern [485]
tax [1540, 1659, 1660, 1662, 1687, 1705]
taxes [1535]
team [22]
tear [806, 1232]
teasing [335]
tell [542, 798, 829, 850, 851, 1140, 1317]
telling [851]
tempo [433]
ten [619, 640]
tendency [448]
tensed [271]
terms [5, 1390, 1411, 1415, 1420, 1422, 1426, 1432, 1434, 1436, 1451, 1453, 1460, 1479, 1498, 1504, 1510, 1548, 1559, 1563]
terrified [509]
texts [1485]
than [93, 275, 851, 867, 1232, 1269, 1299, 1364, 1517, 1563]
thank [113, 1253]
that [34, 39, 44, 51, 58, 62, 75, 108, 131, 132, 135, 174, 188, 189, 194, 197, 207, 211, 215, 227, 233, 238, 249, 285, 286, 304, 306, 311, 317, 371, 374, 375, 376, 382, 418, 425, 427, 456, 463, 488, 489, 518, 539, 565, 570, 576, 604, 628, 629, 646, 650, 677, 692, 712, 718, 741, 749, 790, 793, 805, 808, 837, 865, 875, 892, 894, 895, 907, 910, 923, 978, 983, 1026, 1041, 1058, 1086, 1094, 1130, 1146, 1148, 1193, 1219, 1254, 1294, 1300, 1310, 1311, 1317, 1320, 1322, 1325, 1341, 1343, 1357, 1367, 1368, 1387, 1419, 1433, 1449, 1486, 1531, 1547, 1579, 1588, 1590, 1601, 1629, 1645, 1684, 1716]
the [1, 3, 4, 5, 6, 7, 8, 11, 21, 24, 29, 34, 35, 40, 43, 44, 45, 46, 47, 50, 51, 52, 55, 56, 60, 65, 66, 69, 72, 74, 77, 79, 80, 81, 84, 85, 89, 90, 91, 92, 93, 97, 98, 100, 101, 102, 103, 106, 108, 115, 121, 125, 128, 139, 145, 147, 150, 151, 155, 158, 172, 173, 174, 175, 177, 178, 179, 180, 181, 189, 196, 199, 200, 202, 203, 206, 210, 211, 215, 216, 217, 218, 220, 224, 226, 231, 233, 234, 238, 242, 243, 245, 249, 252, 255, 260, 271, 275, 285, 289, 295, 296, 297, 298, 299, 301, 302, 305, 306, 307, 309, 310, 314, 316, 317, 339, 345, 350, 355, 358, 368, 373, 380, 382, 386, 387, 390, 394, 395, 396, 399, 400, 401, 402, 407, 411, 414, 415, 416, 418, 425, 428, 429, 430, 431, 433, 440, 447, 448, 449, 451, 453, 456, 460, 461, 462, 463, 469, 470, 471, 473, 474, 475, 477, 479, 480, 482, 485, 487, 496, 497, 498, 500, 507, 517, 518, 519, 520, 524, 526, 530, 533, 539, 540, 542, 545, 549, 551, 561, 564, 566, 567, 569, 573, 575, 590, 592, 596, 604, 607, 609, 612, 619, 627, 631, 636, 641, 643, 650, 651, 652, 654, 665, 666, 671, 672, 673, 674, 682, 685, 690, 692, 694, 696, 698, 700, 705, 706, 707, 710, 715, 722, 723, 724, 725, 728, 734, 737, 738, 741, 743, 744, 747, 748, 749, 751, 755, 760, 761, 770, 776, 778, 781, 786, 787, 789, 791, 807, 815, 817, 834, 836, 843, 851, 853, 856, 864, 867, 876, 878, 882, 884, 885, 890, 892, 894, 896, 898, 905, 910, 915, 917, 918, 920, 923, 924, 925, 928, 929, 931, 932, 939, 947, 948, 949, 951, 955, 961, 966, 972, 974, 975, 976, 977, 981, 982, 983, 984, 985, 986, 987, 988, 991, 992, 996, 1000, 1003, 1004, 1006, 1007, 1009, 1012, 1019, 1020, 1021, 1022, 1025, 1028, 1030, 1033, 1035, 1040, 1041, 1044, 1047, 1052, 1053, 1055, 1056, 1059, 1062, 1064, 1074, 1075, 1076, 1077, 1079, 1084, 1085, 1086, 1087, 1088, 1093, 1094, 1095, 1104, 1105, 1114, 1115, 1116, 1121, 1123, 1139, 1146, 1148, 1151, 1154, 1156, 1157, 1163, 1171, 1172, 1173, 1175, 1176, 1178, 1180, 1181, 1182, 1184, 1187, 1188, 1195, 1201, 1202, 1203, 1204, 1205, 1206, 1208, 1213, 1214, 1215, 1217, 1218, 1219, 1221, 1224, 1225, 1226, 1230, 1231, 1233, 1235, 1238, 1239, 1241, 1244, 1246, 1250, 1253, 1267, 1268, 1278, 1281, 1283, 1284, 1287, 1289, 1291, 1293, 1294, 1298, 1299, 1302, 1310, 1311, 1318, 1324, 1326, 1328, 1331, 1332, 1335, 1336, 1341, 1344, 1348, 1349, 1357, 1361, 1372, 1377, 1383, 1386, 1388, 1390, 1392, 1394, 1396, 1399, 1400, 1405, 1408, 1410, 1411, 1420, 1422, 1426, 1427, 1432, 1434, 1436, 1440, 1441, 1442, 1443, 1444, 1445, 1447, 1449, 1451, 1452, 1453, 1457, 1459, 1460, 1463, 1464, 1465, 1469, 1470, 1472, 1476, 1477, 1479, 1480, 1481, 1486, 1487, 1488, 1489, 1490, 1491, 1492, 1496, 1498, 1499, 1500, 1503, 1509, 1510, 1517, 1518, 1520, 1521, 1522, 1533, 1534, 1535, 1536, 1537, 1541, 1542, 1543, 1548, 1550, 1555, 1557, 1565, 1566, 1567, 1573, 1575, 1582, 1583, 1584, 1590, 1593, 1598, 1599, 1600, 1601, 1602, 1603, 1605, 1606, 1607, 1609, 1615, 1617, 1618, 1619, 1620, 1623, 1624, 1626, 1630, 1635, 1637, 1638, 1640, 1643, 1645, 1646, 1649, 1651, 1654, 1657, 1658, 1659, 1660, 1661, 1662, 1665, 1670, 1679, 1684, 1685, 1688, 1690, 1691, 1696, 1700, 1706, 1708, 1715, 1723, 1727, 1731]
their [183, 221, 731, 772, 1207]
them [57, 58, 165, 169, 172, 173, 180, 197, 217, 286, 288, 313, 358, 379, 396, 457, 458, 474, 592, 628, 675, 712, 781, 907, 991, 1001, 1027, 1031, 1096, 1185, 1195, 1208, 1215, 1254, 1293, 1365, 1370, 1374]
themselves [1187]
then [125, 150, 350, 409, 659, 1048, 1084, 1173, 1302]
there [45, 73, 105, 141, 152, 155, 171, 197, 207, 208, 253, 274, 295, 296, 351, 388, 520, 557, 603, 643, 650, 652, 663, 666, 675, 760, 814, 822, 850, 892, 963, 981, 1012, 1030, 1088, 1156, 1195, 1196, 1218, 1264, 1267, 1365, 1432, 1435]
these [315, 452, 591, 592, 709, 765, 770, 798, 805, 860, 906, 1094, 1191, 1387, 1574, 1694]
they [96, 111, 289, 303, 304, 372, 391, 394, 434, 458, 460, 472, 473, 474, 483, 484, 591, 706, 765, 816, 935, 936, 1006, 1026, 1048, 1049, 1050, 1052, 1187, 1192, 1193, 1207, 1229, 1230, 1231, 1269, 1287, 1293, 1372, 1398, 1575, 1644]
thick [179, 299, 386]
thickly [653]
thin [1077]
thing [356, 479, 722, 741, 816, 949, 1208, 1337, 1339]
things [474, 731, 860, 865, 1367, 1433, 1435]
think [137, 184, 330, 893, 970, 1001, 1050, 1058, 1231]
this [3, 6, 9, 37, 40, 55, 62, 102, 103, 106, 145, 157, 355, 359, 374, 395, 443, 451, 457, 461, 462, 485, 488, 522, 560, 561, 564, 565, 603, 741, 753, 756, 761, 769, 789, 823, 833, 839, 906, 940, 977, 981, 1008, 1031, 1047, 1048, 1091, 1096, 1133, 1160, 1178, 1184, 1196, 1199, 1214, 1262, 1268, 1379, 1380, 1391, 1395, 1396, 1406, 1409, 1412, 1418, 1420, 1422, 1426, 1432, 1434, 1436, 1451, 1453, 1458, 1460, 1462, 1476, 1479, 1482, 1501, 1504, 1507, 1508, 1513, 1537, 1559, 1564, 1586, 1591, 1597, 1610, 1616, 1617, 1620, 1626, 1630, 1730]
those [1205, 1589]
though [1251]
thought [46, 151, 453, 524, 865, 1055]
thoughts [463]
three [416, 845, 856, 991, 1030, 1035]
threshold [314, 612]
threw [996]
thrilled [488]
throat [98, 100, 108, 724, 977]
throb [673, 728, 1022]
throbbed [671, 1114, 1175]
throbbing [302]
throng [89]
through [52, 232, 237, 310, 397, 400, 428, 452, 589, 636, 690, 694, 728, 776, 915, 939, 1003, 1005, 1040, 1104, 1172, 1176, 1181, 1185, 1224, 1246, 1271, 1318, 1372, 1491, 1497]
throughout [1667]
throwing [389, 1287]
thrust [238]
thud [641]
thus [1723]
thyroid [587]
ticking [1023]
ticks [1021]
tier [294]
tightened [270]
tighter [906]
time [260, 489, 603, 604, 609, 665, 731, 737, 782, 973, 981, 995, 1031, 1133, 1258, 1331, 1332]
times [312]
tinged [56]
tingling [310]
tiny [92, 557, 589, 613, 834]
tip [636]
tips [77, 235, 238, 271]
title [11]
to [8, 34, 49, 53, 55, 60, 62, 67, 69, 73, 80, 85, 90, 91, 92, 96, 115, 123, 128, 172, 177, 179, 203, 214, 216, 220, 221, 222, 226, 237, 240, 252, 269, 274, 285, 295, 304, 311, 313, 330, 340, 344, 356, 359, 360, 368, 379, 380, 381, 385, 386, 399, 400, 410, 425, 429, 430, 434, 436, 439, 448, 451, 454, 458, 482, 485, 489, 491, 517, 545, 556, 560, 561, 570, 571, 589, 590, 592, 596, 603, 640, 657, 663, 665, 671, 675, 682, 696, 700, 703, 713, 715, 717, 725, 728, 743, 744, 747, 754, 760, 772, 776, 778, 793, 798, 806, 809, 823, 834, 845, 846, 853, 864, 875, 876, 878, 893, 894, 901, 906, 935, 941, 942, 947, 949, 972, 973, 977, 978, 981, 993, 995, 996, 1001, 1028, 1052, 1053, 1055, 1064, 1068, 1086, 1087, 1088, 1089, 1091, 1096, 1112, 1120, 1139, 1152, 1156, 1163, 1181, 1191, 1192, 1204, 1207, 1208, 1214, 1219, 1232, 1233, 1250, 1260, 1306, 1309, 1314, 1318, 1323, 1324, 1325, 1326, 1331, 1356, 1357, 1358, 1361, 1391, 1392, 1400, 1408, 1411, 1419, 1421, 1424, 1425, 1427, 1432, 1437, 1446, 1448, 1450, 1460, 1467, 1469, 1470, 1481, 1487, 1489, 1499, 1510, 1513, 1516, 1520, 1525, 1530, 1535, 1536, 1537, 1540, 1541, 1543, 1548, 1549, 1551, 1556, 1562, 1572, 1576, 1587, 1592, 1599, 1602, 1604, 1605, 1607, 1610, 1612, 1617, 1618, 1623, 1630, 1632, 1643, 1644, 1646, 1647, 1649, 1661, 1662, 1669, 1679, 1683, 1687, 1690, 1693, 1695, 1702, 1710, 1731, 1732, 1733]
together [610]
told [264, 488, 518]
tone [1142]
tongue [179]
tonight [70, 76, 895, 901, 1021, 1298, 1325, 1327]
too [34, 672, 936, 1068, 1076, 1322, 1341, 1364]
took [249, 562, 751, 898, 1055, 1311]
top [297]
topsy [141]
torn [717, 1171]
torturing [779]
touch [74, 314]
touched [316]
tousled [717]
toward [43, 173, 285, 378, 567, 685, 706, 789, 794, 823, 891, 918, 991, 995, 1105, 1178]
track [1114]
tracks [1079]
trademark [1393, 1401, 1421, 1430, 1493, 1536, 1566, 1567, 1585, 1591, 1624]
trained [53]
training [591]
trance [461, 464, 543]
transcribe [1572]
transcriber [37]
transcription [1577]
translated [1333]
treatment [1705]
trembled [734]
trick [425, 771, 1047, 1294, 1296, 1298, 1299]
tricking [567, 569]
tried [245, 528, 533, 935]
triumph [975]
troy [1, 13, 31]
true [374, 394, 811, 1096]
trumpets [215, 224]
try [252, 1000]
trying [434, 1181]
tucked [250]
tunnel [1188]
turned [794, 916, 995, 1180, 1187]
twice [256]
twinkled [196]
twist [779]
twitch [556]
two [101, 171, 947, 1327]
types [1615]
u [40, 1386, 1400, 1485, 1573, 1663, 1706, 1723]
um [79, 135, 186, 281]
unafraid [105, 147]
unanswered [1114]
unarmed [992]
uncertain [440]
unconscious [394]
uncover [39]
undecided [171]
under [5, 196, 386, 389, 434, 447, 450, 498, 612, 652, 748, 790, 1136, 1479, 1537, 1586, 1591, 1658]
understand [1272, 1419]
understanding [816, 859]
understood [817, 865, 1349]
unescorted [104]
unharmed [703, 920]
uniform [1692]
unit [1104]
united [3, 7, 1387, 1388, 1399, 1443, 1445, 1459, 1465, 1476, 1481, 1488, 1691, 1706]
universe [475]
unknown [311, 315]
unless [425, 1076, 1394, 1467, 1527, 1723]
unlink [1503]
unperturbed [117, 1025]
unprotected [1444]
unseen [779]
unsolicited [1701]
untangled [706]
until [895, 1016]
up [46, 60, 91, 105, 128, 189, 230, 295, 297, 365, 399, 496, 537, 657, 884, 977, 1000, 1016, 1086, 1128, 1133, 1144, 1204, 1285, 1514, 1669, 1693]
updated [1383]
uplifted [974, 982]
upon [1521, 1682]
uproar [673]
upward [551, 567]
urged [1074]
urging [833]
us [769, 789, 798, 811, 819, 890, 893, 908, 1206, 1260, 1702]
use [3, 5, 252, 283, 592, 942, 981, 1161, 1390, 1396, 1406, 1415, 1476, 1478, 1492, 1496, 1534, 1535, 1551]
used [772, 1394, 1431, 1517]
user [1520, 1546, 1549]
using [9, 233, 275, 741, 1409, 1418, 1422, 1482, 1534]
ut [1669]
utterly [1025]
vaguely [173]
valley [1005]
vampire [266]
vanilla [1517, 1522]
vanished [497, 953, 1343]
variety [1638]
various [1095, 1380]
vast [1005]
vee [133, 135, 141, 160, 186, 191, 202, 230, 260, 288, 320, 373, 380, 409, 421, 433, 471, 493, 494, 497, 500, 530, 657, 677, 680, 923, 928, 931, 942, 992, 995, 1040, 1044, 1120, 1175, 1250, 1344, 1364]
venus [1, 11, 24, 29, 33, 49, 145, 157, 281, 335, 561, 827, 845, 929, 977, 1004, 1005, 1229, 1268, 1377]
venusian [51, 66, 90, 298, 302, 379, 391, 415, 460, 485, 565, 570, 632, 651, 690, 723, 734, 738, 743, 778, 787, 843, 865, 886, 896, 899, 917, 955, 974, 975, 978, 985, 987, 1015, 1042, 1094, 1181, 1215, 1250, 1256, 1283, 1284, 1293, 1310, 1327, 1335]
venusians [56, 107, 150, 220, 358, 456, 463, 519, 667, 672, 674, 692, 700, 705, 709, 715, 744, 771, 807, 815, 990, 1022, 1035, 1175, 1326]
vermin [978]
version [1518]
very [98, 121, 160, 210, 368, 438, 465, 659, 754, 825, 843, 939, 940, 1015, 1021, 1049, 1050, 1120, 1201, 1250, 1316, 1396]
vibration [1238]
vibratory [755]
victim [260]
viewed [1474]
viewing [1525]
vill [72]
violates [1617]
virus [1579]
visible [1071]
vision [470, 473, 487, 489, 526, 540, 564, 910, 1316, 1374]
visit [1697, 1711]
visual [1079, 1087]
vital [1192]
voice [65, 79, 96, 178, 242, 253, 330, 335, 365, 385, 493, 516, 560, 561, 562, 564, 573, 581, 634, 654, 680, 690, 692, 694, 698, 738, 767, 769, 814, 837, 859, 1033, 1036, 1051, 1059, 1082, 1125, 1140, 1228, 1241, 1256, 1262, 1316, 1355, 1370]
voices [589, 590, 591, 596, 613, 644, 651, 833, 834, 1077, 1139, 1182]
void [467, 487, 1620]
voids [1318]
volunteer [1719]
volunteers [1571, 1626, 1640, 1643, 1667]
wait [972]
waiting [449, 1085, 1251]
walked [1225]
walks [1641]
wall [1000, 1003, 1009, 1030, 1088, 1105, 1115, 1173, 1178, 1184]
want [214, 356, 823, 906]
wanted [1055, 1152, 1309, 1314, 1356]
wanting [65]
wants [203, 903]
warn [1229]
warning [287, 833]
warnings [835]
warranties [1611, 1612, 1615]
warranty [1582, 1589]
was [37, 40, 44, 46, 50, 58, 66, 67, 84, 89, 90, 91, 93, 99, 115, 132, 149, 150, 151, 152, 175, 178, 184, 188, 197, 199, 206, 207, 217, 222, 233, 253, 269, 286, 287, 294, 296, 298, 301, 302, 305, 306, 315, 316, 351, 365, 374, 379, 382, 385, 416, 417, 427, 435, 439, 449, 450, 454, 457, 462, 464, 465, 473, 474, 477, 479, 484, 488, 489, 494, 510, 516, 518, 520, 521, 530, 540, 542, 543, 549, 589, 629, 631, 640, 643, 651, 653, 658, 672, 673, 716, 717, 718, 720, 723, 741, 748, 779, 786, 814, 816, 835, 836, 843, 867, 872, 892, 895, 910, 923, 934, 940, 941, 947, 949, 951, 964, 968, 975, 981, 982, 983, 985, 991, 992, 1003, 1004, 1006, 1033, 1042, 1058, 1059, 1071, 1075, 1076, 1082, 1095, 1096, 1120, 1125, 1130, 1142, 1146, 1151, 1156, 1157, 1171, 1184, 1191, 1215, 1217, 1218, 1221, 1225, 1228, 1241, 1256, 1262, 1289, 1296, 1298, 1310, 1316, 1317, 1320, 1330, 1331, 1344, 1348, 1349, 1352, 1356, 1361, 1647, 1715]
watch [189, 249, 625, 1100, 1105, 1154]
watched [180, 430]
watcher [1311]
watchers [460]
watching [93, 191, 467, 510, 1093, 1108, 1123, 1251]
wave [636]
waved [173]
waves [216]
way [44, 274, 277, 279, 381, 452, 483, 982, 1008, 1148, 1178, 1184, 1410, 1431]
ways [876, 882, 1710]
we [172, 202, 203, 249, 260, 569, 570, 571, 575, 576, 577, 583, 601, 604, 609, 621, 712, 819, 845, 851, 853, 859, 860, 862, 867, 875, 891, 894, 895, 907, 963, 964, 966, 970, 1016, 1084, 1087, 1121, 1154, 1160, 1166, 1202, 1204, 1206, 1207, 1213, 1264, 1281, 1299, 1445, 1448, 1694, 1695, 1699, 1700, 1704, 1723]
weak [366, 1316]
wealth [253]
weapon [397]
weapons [396]
weaving [1350]
web [1349, 1518, 1670, 1708, 1727, 1730]
weeks [21]
weighed [416, 417]
well [758, 1231]
went [179, 215, 351, 430, 458, 545, 561, 612, 644, 685, 705, 781, 986, 1008, 1056, 1114, 1171, 1246, 1257]
were [56, 99, 105, 107, 117, 147, 160, 181, 214, 217, 242, 302, 311, 346, 349, 351, 353, 368, 373, 390, 434, 456, 457, 460, 463, 472, 519, 551, 576, 590, 591, 613, 667, 674, 762, 764, 786, 794, 809, 815, 833, 835, 885, 933, 973, 977, 990, 1030, 1044, 1130, 1287, 1367]
werewolves [299]
west [1668]
wet [47]
what [132, 145, 149, 222, 262, 277, 326, 371, 375, 449, 484, 505, 560, 591, 648, 653, 661, 665, 816, 827, 860, 864, 882, 906, 910, 928, 947, 968, 998, 1056, 1084, 1136, 1192, 1203, 1208, 1320, 1326, 1339, 1346, 1458]
whatsoever [5, 1478]
when [34, 46, 80, 172, 482, 510, 575, 592, 609, 640, 737, 872, 935, 964, 1050, 1325, 1332, 1454]
whenever [1471]
where [8, 104, 484, 784, 838, 1004, 1006, 1021, 1218, 1457, 1481, 1695, 1699]
which [539, 722, 1075, 1166, 1213, 1322, 1472, 1539, 1575, 1630, 1722, 1727]
while [744, 834, 1027, 1269, 1271, 1343, 1699]
whipcord [717]
whirled [973]
whirring [521, 539, 615]
whisper [516, 589, 1120]
whispered [443, 500, 560, 579, 581, 1154, 1253, 1298, 1330, 1335, 1348, 1367]
whitened [237]
who [73, 106, 108, 243, 245, 339, 351, 353, 493, 542, 543, 646, 806, 823, 845, 856, 1059, 1205, 1431, 1546, 1701]
whole [449]
whom [1427]
whose [1257]
why [761, 764, 767, 769, 1062, 1074, 1264, 1291, 1306, 1314]
wide [465, 1682]
widest [1638, 1685]
wild [51, 1142]
wildly [934]
will [8, 73, 172, 203, 210, 368, 609, 712, 740, 789, 791, 806, 812, 851, 907, 998, 1023, 1064, 1087, 1089, 1121, 1154, 1228, 1239, 1244, 1264, 1281, 1324, 1326, 1327, 1380, 1383, 1449, 1481, 1499, 1591, 1645]
wires [627, 907, 1086, 1157, 1158]
wish [1562]
with [4, 6, 43, 45, 56, 131, 230, 234, 271, 288, 294, 362, 369, 372, 376, 415, 448, 489, 497, 511, 557, 581, 640, 682, 712, 781, 819, 837, 882, 908, 985, 1004, 1022, 1028, 1064, 1068, 1152, 1163, 1205, 1215, 1221, 1260, 1268, 1283, 1326, 1344, 1348, 1352, 1356, 1365, 1396, 1399, 1410, 1411, 1412, 1431, 1433, 1434, 1435, 1451, 1452, 1453, 1454, 1455, 1458, 1469, 1472, 1477, 1479, 1486, 1489, 1490, 1491, 1496, 1497, 1500, 1505, 1509, 1527, 1554, 1559, 1601, 1602, 1610, 1626, 1637, 1643, 1665, 1688, 1690, 1694, 1702, 1717, 1718, 1724]
within [345, 1539, 1547, 1556, 1597]
without [306, 899, 961, 1085, 1389, 1434, 1455, 1488, 1508, 1607, 1682]
wiz [76]
wolves [806, 811, 1023, 1026, 1229, 1232]
woman [65, 104, 152, 245, 438, 531, 682, 915, 1341]
women [102]
won [203, 255]
wonder [1097, 1120]
wondered [313]
wonderful [479]
wood [181]
word [776, 939, 1515]
words [214, 346, 351, 353, 762, 764, 1048, 1247, 1253]
wore [97]
work [76, 1406, 1409, 1410, 1419, 1425, 1431, 1444, 1447, 1452, 1453, 1458, 1462, 1463, 1464, 1471, 1484, 1487, 1489, 1490, 1492, 1495, 1501, 1504, 1505, 1508, 1513, 1516, 1521, 1555, 1556, 1557, 1563, 1586, 1597, 1599, 1600, 1602, 1603, 1605, 1610, 1631, 1632]
works [1386, 1387, 1392, 1397, 1409, 1416, 1423, 1433, 1436, 1438, 1442, 1443, 1447, 1450, 1451, 1462, 1499, 1526, 1530, 1534, 1550, 1552, 1560, 1563, 1573, 1575, 1625, 1628, 1638, 1684, 1713, 1716]
world [4, 33, 306, 1477]
would [106, 108, 152, 155, 307, 328, 339, 349, 394, 418, 526, 535, 886, 922, 976, 1031, 1158, 1231, 1232, 1331, 1335]
writhe [778]
writhing [287]
writing [1547, 1564, 1606]
written [1599, 1601, 1695]
years [1049, 1717]
yellow [181, 1072]
yes [167, 200, 324, 609, 796, 880, 903, 1082, 1125, 1217, 1304, 1320]
yet [87, 473]
you [5, 7, 8, 45, 49, 113, 117, 119, 123, 126, 137, 145, 160, 165, 194, 210, 242, 245, 252, 262, 264, 266, 275, 322, 332, 349, 350, 351, 353, 355, 356, 368, 369, 385, 443, 493, 500, 503, 510, 560, 567, 569, 570, 571, 573, 585, 731, 761, 769, 771, 784, 790, 796, 803, 805, 806, 811, 819, 822, 838, 839, 855, 857, 862, 867, 872, 878, 882, 901, 907, 910, 928, 929, 933, 934, 935, 968, 998, 1015, 1019, 1023, 1036, 1038, 1045, 1055, 1062, 1074, 1088, 1091, 1108, 1131, 1140, 1149, 1154, 1199, 1203, 1211, 1213, 1229, 1231, 1232, 1233, 1237, 1239, 1247, 1253, 1264, 1265, 1267, 1281, 1287, 1291, 1294, 1302, 1309, 1314, 1322, 1324, 1326, 1348, 1357, 1362, 1388, 1394, 1395, 1396, 1399, 1406, 1411, 1419, 1421, 1422, 1424, 1425, 1426, 1427, 1433, 1435, 1436, 1445, 1446, 1449, 1452, 1455, 1457, 1458, 1459, 1467, 1478, 1480, 1481, 1482, 1488, 1490, 1513, 1515, 1519, 1527, 1529, 1533, 1535, 1539, 1546, 1547, 1549, 1554, 1556, 1559, 1562, 1564, 1587, 1588, 1590, 1592, 1593, 1596, 1597, 1598, 1599, 1600, 1601, 1603, 1604, 1606, 1610, 1623, 1630, 1633]
young [438]
your [191, 252, 362, 513, 516, 567, 571, 581, 583, 585, 587, 731, 790, 798, 811, 820, 872, 1023, 1048, 1237, 1239, 1253, 1271, 1316, 1317, 1348, 1361, 1423, 1460, 1496, 1535, 1540, 1580, 1601, 1650, 1663]
yours [812]
zip [1379]
zit [387, 389, 390, 395, 671, 685, 786, 791, 817, 924, 981, 1175]
